Fnx-mem0514 -0.70 0.04 42              -1.38 0.16 2 -0.76 0.23 1 -0.44 0.23 1 -1.05 0.08  8
Fnx-mem0522 -0.88 0.05 39 -0.02 0.18 3 -1.53 0.22 2 -0.86 0.31 1 -0.41 0.31 1 -0.79 0.15  4
Fnx-mem0532 -0.48 0.03 29 -0.02 0.09 3 -1.49 0.16 1 -0.89 0.16 1 -0.70 0.16 1 -0.81 0.08  4
Fnx-mem0539 -0.70 0.03 30 -0.41 0.11 4 -1.56 0.14 1 -0.72 0.14 1              -0.91 0.07  7
Fnx-mem0543 -1.02 0.02 39 -0.30 0.20 4              -0.79 0.10 1 -0.99 0.10 1 -1.22 0.08  7
Fnx-mem0556 -0.64 0.03 42 -0.26 0.20 3              -0.77 0.22 1 -0.71 0.16 2 -1.17 0.09  6
Fnx-mem0572 -0.88 0.02 44 -0.24 0.25 3 -1.69 0.16 1 -0.89 0.16 1 -0.44 0.16 1 -1.04 0.09  9
Fnx-mem0574 -0.80 0.02 40 -0.42 0.07 5 -1.63 0.15 1 -1.12 0.15 1              -1.11 0.06  7
Fnx-mem0584 -2.17 0.04 15                           -2.05 0.16 1              -1.75 0.12  4
Fnx-mem0595 -0.88 0.03 30 -0.14 0.22 2              -1.34 0.19 1 -0.65 0.19 1 -1.21 0.14  5
Fnx-mem0598 -0.85 0.02 45 -0.68 0.20 2 -1.82 0.15 1 -0.98 0.15 1 -0.77 0.11 2 -1.31 0.06  7
Fnx-mem0604 -0.74 0.02 32 -0.53 0.23 3 -1.44 0.10 1 -0.80 0.10 1              -1.19 0.08  8
Fnx-mem0606 -0.62 0.03 51 -0.17 0.12 4 -1.93 0.23 1 -0.79 0.23 1 -0.61 0.16 2 -0.82 0.12  4
Fnx-mem0607 -0.96 0.02 41 -0.68 0.09 6 -1.76 0.10 1 -0.82 0.10 1 -0.76 0.19 2 -1.25 0.05  8
Fnx-mem0612 -1.68 0.04 25 -0.64 0.21 1              -1.44 0.21 1              -1.81 0.07  8
Fnx-mem0613 -0.44 0.03 44  0.06 0.19 1              -0.54 0.19 1              -0.78 0.08  5
Fnx-mem0626 -1.00 0.03 47 -0.53 0.10 4              -0.97 0.21 1 -0.62 0.21 1 -1.19 0.06 11
Fnx-mem0629 -1.02 0.02 27 -0.31 0.32 3              -0.84 0.08 2 -0.89 0.11 1 -1.18 0.08 12
Fnx-mem0631 -0.82 0.02 40 -0.44 0.10 3 -1.47 0.15 1 -1.02 0.15 1 -0.87 0.15 1 -1.19 0.07  5
Fnx-mem0633 -0.92 0.02 44 -0.52 0.10 7              -1.26 0.11 1 -0.97 0.11 2 -1.43 0.07  9
Fnx-mem0634 -0.26 0.07 41 -0.11 0.25 3              -0.30 0.43 1 -0.75 0.43 1 -0.87 0.14 10
Fnx-mem0638 -0.70 0.03 51 -0.26 0.11 6 -1.92 0.23 1 -0.78 0.23 1 -0.74 0.16 2 -1.13 0.08  9
Fnx-mem0647 -1.48 0.02 37 -0.82 0.12 5              -1.47 0.13 1              -1.65 0.05  8
Fnx-mem0654 -1.92 0.03 33 -1.33 0.10 3              -1.38 0.18 1              -1.84 0.07  7
Fnx-mem0664 -2.31 0.02 22 -1.63 0.13 2              -1.65 0.09 1              -2.28 0.06  2
Fnx-mem0675 -0.81 0.03 55 -0.49 0.09 6 -1.55 0.22 1 -1.02 0.22 1 -0.92 0.22 1 -1.11 0.09  7
Fnx-mem0678 -0.67 0.03 41 -0.20 0.20 1              -1.07 0.20 1              -0.74 0.09  5
Fnx-mem0682 -0.76 0.03 50 -0.46 0.09 5              -0.96 0.20 1              -1.05 0.07  9
Fnx-mem0704 -2.55 0.02 20 -1.65 0.09 3 -1.05 0.09 1              -1.37 0.09 1 -1.86 0.11  3
Fnx-mem0712 -2.09 0.05 23 -1.48 0.13 3              -1.65 0.22 1              -1.62 0.31  6
Fnx-mem0714 -1.79 0.07 26 -1.05 0.21 3              -1.83 0.36 1              -1.80 0.15  6
Fnx-mem0715 -0.98 0.03 49 -0.65 0.12 4              -1.09 0.23 1 -0.87 0.16 2 -1.30 0.12  4
Fnx-mem0717 -0.30 0.04 56  0.08 0.31 1 -1.59 0.22 2 -0.61 0.31 1 -0.44 0.22 2 -0.43 0.15  4
Fnx-mem0732 -2.40 0.02 31 -1.57 0.08 3              -1.78 0.13 1              -1.97 0.07  8
Fnx-mem0747 -1.39 0.02 26 -0.87 0.12 3              -1.35 0.08 1 -1.32 0.08 1 -1.44 0.06  8
Fnx-mem0754 -0.64 0.03 43 -0.18 0.11 4 -1.27 0.22 1 -0.81 0.22 1 -0.41 0.22 1 -1.22 0.07  9
Fnx-mem0779 -2.05 0.05 30 -1.57 0.18 2              -2.16 0.25 1              -2.05 0.12  4
Fnx-rgb0507 -0.77 0.04 44 -0.28 0.13 5              -1.07 0.28 1              -1.09 0.09  9
Fnx-rgb0509 -1.15 0.03 41 -0.43 0.14 3 -1.88 0.22 1 -1.15 0.22 1              -1.67 0.10  9
Fnx-rgb0522 -1.87 0.04 29 -1.31 0.13 3              -1.36 0.22 1              -1.70 0.08  8
Fnx-rgb0539 -0.60 0.03 39 -0.13 0.13 2              -0.70 0.18 1              -1.03 0.07  6
Fnx-rgb0553 -0.48 0.03 27                           -0.91 0.13 1              -0.69 0.05  7
Fnx-rgb0556 -0.54 0.03 43 -0.36 0.13 2 -1.53 0.19 1 -0.85 0.19 1 -0.49 0.19 1 -0.91 0.08  5
Fnx-rgb0561 -0.97 0.03 35 -0.39 0.12 4 -1.39 0.16 1 -0.93 0.16 1 -0.46 0.16 1 -0.94 0.13  6
Fnx-rgb0574 -0.97 0.02 46 -0.80 0.19 4 -1.22 0.10 2 -0.93 0.14 1 -0.90 0.14 1 -1.13 0.07  9
Fnx-rgb0590 -1.51 0.03 35 -1.09 0.17 4              -1.39 0.18 1 -1.26 0.18 1 -1.59 0.06  9
Fnx-rgb0596 -2.68 0.04 25 -2.07 0.19 1                                        -2.50 0.10  4
Fnx-mem0514 -0.70 0.04 42              -1.04 0.10 7 -0.39 0.23 1 -1.16 0.23 1 -0.90 0.08  9
Fnx-mem0522 -0.88 0.05 39              -1.24 0.12 7 -0.90 0.31 1 -0.68 0.31 1 -0.98 0.10 10
Fnx-mem0532 -0.48 0.03 29              -1.18 0.06 8 -0.46 0.16 3 -0.98 0.16 1 -0.79 0.05  9
Fnx-mem0539 -0.70 0.03 30              -1.13 0.07 8 -0.78 0.12 3 -0.88 0.14 1 -1.08 0.10  8
Fnx-mem0543 -1.02 0.02 39 -1.24 0.10 1 -1.41 0.06 7 -0.84 0.22 2              -1.16 0.08 12
Fnx-mem0556 -0.64 0.03 42              -1.09 0.09 6 -0.54 0.16 2 -0.87 0.22 1 -0.88 0.12 10
Fnx-mem0572 -0.88 0.02 44 -0.80 0.16 1 -1.24 0.06 7 -0.93 0.22 2 -0.91 0.16 1 -1.03 0.05 10
Fnx-mem0574 -0.80 0.02 40              -1.15 0.05 8 -1.15 0.48 2 -1.29 0.15 1 -1.17 0.06  9
Fnx-mem0584 -2.17 0.04 15                           -1.19 0.11 2 -1.86 0.16 1 -2.03 0.09  3
Fnx-mem0595 -0.88 0.03 30              -1.67 0.08 5 -0.87 0.13 2 -1.77 0.19 1 -1.38 0.10  4
Fnx-mem0598 -0.85 0.02 45              -1.39 0.06 8 -0.82 0.11 2 -1.61 0.15 1 -1.25 0.06  7
Fnx-mem0604 -0.74 0.02 32              -1.30 0.06 9 -0.88 0.11 2 -1.33 0.12 1 -1.23 0.06  3
Fnx-mem0606 -0.62 0.03 51              -1.56 0.12 4 -0.74 0.18 2 -0.84 0.23 1 -0.97 0.07 11
Fnx-mem0607 -0.96 0.02 41 -1.37 0.10 1 -1.44 0.04 7 -0.91 0.08 3 -1.47 0.10 1 -1.23 0.04  9
Fnx-mem0612 -1.68 0.04 25              -1.92 0.12 3 -1.52 0.38 2              -1.54 0.12  4
Fnx-mem0613 -0.44 0.03 44 -0.53 0.19 1 -0.79 0.12 7 -0.46 0.13 2 -0.38 0.19 1 -0.55 0.10 10
Fnx-mem0626 -1.00 0.03 47              -1.27 0.07 8 -0.83 0.12 3 -1.31 0.21 1 -1.26 0.09  6
Fnx-mem0629 -1.02 0.02 27 -0.88 0.11 1 -1.39 0.05 6 -0.68 0.08 2 -1.37 0.14 1 -1.08 0.04  8
Fnx-mem0631 -0.82 0.02 40              -1.30 0.06 6 -1.00 0.11 2              -1.04 0.05  9
Fnx-mem0633 -0.92 0.02 44              -1.55 0.05 5 -0.85 0.11 1 -1.58 0.11 1 -1.32 0.04 10
Fnx-mem0634 -0.26 0.07 41 -0.71 0.43 1 -1.26 0.15 8 -0.24 0.30 2              -0.49 0.14 10
Fnx-mem0638 -0.70 0.03 51              -1.05 0.08 9 -0.52 0.23 1 -0.97 0.23 1 -1.03 0.09  7
Fnx-mem0647 -1.48 0.02 37 -1.34 0.13 1 -1.97 0.13 3 -1.44 0.17 3 -1.76 0.13 1 -1.59 0.07 10
Fnx-mem0654 -1.92 0.03 33              -1.89 0.28 2 -1.61 0.18 1              -1.72 0.12 10
Fnx-mem0664 -2.31 0.02 22                           -2.20 0.19 2 -2.55 0.09 1 -2.23 0.12  5
Fnx-mem0675 -0.81 0.03 55 -0.94 0.22 1 -1.35 0.11 4 -1.12 0.16 2              -1.07 0.07 10
Fnx-mem0678 -0.67 0.03 41              -1.25 0.10 8 -0.72 0.19 3 -0.78 0.20 1 -0.91 0.08 11
Fnx-mem0682 -0.76 0.03 50 -1.08 0.20 1 -1.22 0.11 8 -1.02 0.34 2 -0.65 0.20 1 -1.10 0.07  8
Fnx-mem0704 -2.55 0.02 20                           -1.90 0.09 1              -2.09 0.11  2
Fnx-mem0712 -2.09 0.05 23                           -1.40 0.21 2              -2.11 0.22  1
Fnx-mem0714 -1.79 0.07 26              -1.76 0.25 2 -1.31 0.36 1 -2.46 0.36 1 -1.98 0.18  4
Fnx-mem0715 -0.98 0.03 49              -1.53 0.08 8 -0.62 0.25 2 -1.51 0.23 1 -1.06 0.06 14
Fnx-mem0717 -0.30 0.04 56              -0.62 0.18 7 -0.97 0.31 1 -0.75 0.31 1 -0.75 0.12 10
Fnx-mem0732 -2.40 0.02 31              -2.49 0.13 1 -1.75 0.13 1 -2.44 0.09 2 -2.37 0.06  5
Fnx-mem0747 -1.39 0.02 26              -1.65 0.12 7 -0.82 0.07 2 -1.74 0.06 2 -1.63 0.06  6
Fnx-mem0754 -0.64 0.03 43              -1.10 0.09 7 -0.90 0.37 2 -0.92 0.22 1 -1.21 0.11  6
Fnx-mem0779 -2.05 0.05 30                           -1.55 0.25 1 -2.23 0.25 1 -1.96 0.16  4
Fnx-rgb0507 -0.77 0.04 44 -0.57 0.28 1 -1.53 0.11 6 -0.96 0.28 1 -0.49 0.28 1 -0.88 0.10  8
Fnx-rgb0509 -1.15 0.03 41              -1.67 0.08 7 -1.26 0.23 2 -1.71 0.22 1 -1.32 0.12  7
Fnx-rgb0522 -1.87 0.04 29 -1.69 0.22 1 -2.09 0.38 2 -1.23 0.28 3 -1.94 0.16 2 -1.84 0.08  8
Fnx-rgb0539 -0.60 0.03 39              -0.69 0.09 5 -0.45 0.13 2              -0.90 0.11  7
Fnx-rgb0553 -0.48 0.03 27              -0.76 0.09 3 -0.64 0.09 2 -0.33 0.15 1 -0.81 0.14  7
Fnx-rgb0556 -0.54 0.03 43              -1.17 0.07 8 -0.73 0.13 2 -1.02 0.19 1 -0.79 0.06 11
Fnx-rgb0561 -0.97 0.03 35 -0.81 0.16 1 -1.31 0.06 8 -1.28 0.16 1 -1.43 0.16 1 -1.08 0.09 10
Fnx-rgb0574 -0.97 0.02 46              -1.17 0.06 5 -1.30 0.14 1              -1.05 0.04 14
Fnx-rgb0590 -1.51 0.03 35              -1.72 0.11 5 -1.28 0.20 3 -1.64 0.18 1 -1.43 0.13  6
Fnx-rgb0596 -2.68 0.04 25              -2.28 0.19 1 -2.63 0.19 1 -3.26 0.19 1 -2.95 0.20  1
Fnx-mem0514 -0.70 0.04 42              -0.31 0.16 2 -0.43 0.16 2 -0.21 0.16 2
Fnx-mem0522 -0.88 0.05 39              -0.33 0.31 1 -0.67 0.31 1 -0.40 0.31 1 -0.50 0.31  1
Fnx-mem0532 -0.48 0.03 29              -0.17 0.11 2 -0.39 0.11 2 -0.49 0.16 1 -0.15 0.16  1
Fnx-mem0539 -0.70 0.03 30              -0.36 0.10 2              -0.44 0.14 1 -0.24 0.14  1
Fnx-mem0543 -1.02 0.02 39              -0.65 0.10 1 -0.85 0.13 2              -0.65 0.10  1
Fnx-mem0556 -0.64 0.03 42 -0.76 0.22 1  0.03 0.22 1 -0.39 0.22 1  0.49 0.16 2
Fnx-mem0572 -0.88 0.02 44              -0.51 0.11 2 -0.71 0.27 2 -0.60 0.16 1 -0.50 0.16  1
Fnx-mem0574 -0.80 0.02 40              -0.61 0.13 2 -0.88 0.15 1 -0.45 0.11 2 -0.66 0.15  1
Fnx-mem0584 -2.17 0.04 15                                        -0.38 0.16 1
Fnx-mem0595 -0.88 0.03 30 -0.71 0.19 1                           -0.19 0.19 1
Fnx-mem0598 -0.85 0.02 45              -0.65 0.15 1 -1.15 0.11 2 -0.76 0.11 2 -0.78 0.15  1
Fnx-mem0604 -0.74 0.02 32              -0.43 0.10 1 -0.56 0.10 1 -0.76 0.21 2 -0.65 0.10  1
Fnx-mem0606 -0.62 0.03 51              -0.24 0.23 1 -0.81 0.23 1 -0.45 0.16 2 -0.57 0.23  1
Fnx-mem0607 -0.96 0.02 41                           -0.66 0.07 2 -0.39 0.10 1 -0.46 0.10  1
Fnx-mem0612 -1.68 0.04 25              -1.97 0.21 1                           -0.75 0.21  1
Fnx-mem0613 -0.44 0.03 44              -0.11 0.19 1 -0.27 0.13 2 -0.26 0.13 2
Fnx-mem0626 -1.00 0.03 47              -0.44 0.15 2 -0.69 0.15 2 -0.29 0.21 1
Fnx-mem0629 -1.02 0.02 27 -0.92 0.11 1 -0.81 0.08 2 -0.66 0.33 2              -0.57 0.11  1
Fnx-mem0631 -0.82 0.02 40              -0.27 0.15 1 -0.67 0.11 2 -0.51 0.25 2 -0.26 0.15  1
Fnx-mem0633 -0.92 0.02 44              -0.93 0.11 1 -1.12 0.08 2 -0.73 0.11 1 -1.02 0.11  1
Fnx-mem0634 -0.26 0.07 41                           -0.47 0.30 2              -0.08 0.43  1
Fnx-mem0638 -0.70 0.03 51              -0.26 0.23 1 -0.53 0.16 2 -0.43 0.23 1 -0.60 0.23  1
Fnx-mem0647 -1.48 0.02 37              -1.27 0.13 1                           -1.02 0.13  1
Fnx-mem0654 -1.92 0.03 33                                                     -1.12 0.18  1
Fnx-mem0664 -2.31 0.02 22              -2.13 0.09 1
Fnx-mem0675 -0.81 0.03 55 -0.98 0.22 1 -0.68 0.22 1              -0.16 0.22 1 -0.46 0.22  1
Fnx-mem0678 -0.67 0.03 41                           -0.55 0.14 2 -0.30 0.19 2 -0.56 0.20  1
Fnx-mem0682 -0.76 0.03 50              -0.57 0.20 1 -1.03 0.14 2              -0.59 0.20  1
Fnx-mem0704 -2.55 0.02 20              -2.15 0.09 1                           -1.45 0.09  1
Fnx-mem0712 -2.09 0.05 23              -2.17 0.22 1
Fnx-mem0714 -1.79 0.07 26              -1.54 0.28 2
Fnx-mem0715 -0.98 0.03 49                           -0.82 0.33 2 -0.44 0.23 1 -0.61 0.23  1
Fnx-mem0717 -0.30 0.04 56                           -0.36 0.31 1  0.62 0.31 1
Fnx-mem0732 -2.40 0.02 31              -2.02 0.13 1
Fnx-mem0747 -1.39 0.02 26              -1.38 0.10 1 -1.31 0.08 1              -0.71 0.08  1
Fnx-mem0754 -0.64 0.03 43              -0.32 0.16 2 -0.66 0.16 2 -0.34 0.22 1 -0.43 0.22  1
Fnx-mem0779 -2.05 0.05 30              -1.97 0.25 1
Fnx-rgb0507 -0.77 0.04 44              -0.31 0.28 1 -0.57 0.28 1              -0.29 0.28  1
Fnx-rgb0509 -1.15 0.03 41              -0.67 0.22 1 -1.44 0.16 2              -0.91 0.22  1
Fnx-rgb0522 -1.87 0.04 29              -2.22 0.22 1                           -1.11 0.22  1
Fnx-rgb0539 -0.60 0.03 39              -0.17 0.18 2 -0.28 0.18 1              -0.06 0.38  1
Fnx-rgb0553 -0.48 0.03 27 -0.76 0.13 1 -0.30 0.13 1                           -0.25 0.13  1
Fnx-rgb0556 -0.54 0.03 43              -0.29 0.19 1 -0.55 0.21 2 -0.22 0.19 1 -0.13 0.19  1
Fnx-rgb0561 -0.97 0.03 35              -0.30 0.11 2 -0.34 0.16 1 -0.19 0.16 1 -0.52 0.16  1
Fnx-rgb0574 -0.97 0.02 46              -0.37 0.14 1 -0.62 0.14 1 -0.76 0.14 1 -0.55 0.14  1
Fnx-rgb0590 -1.51 0.03 35              -1.22 0.18 1 -0.71 0.14 2              -0.84 0.18  1
Fnx-rgb0596 -2.68 0.04 25              -3.53 0.18 2              -0.98 0.19 1
