# A MOOG-format version based "RPA-lightelement-linelist-v5-20200831.txt"
   6707.80       3.0      0.00     +0.17  
   5682.63      11.0      2.10     -0.71 
   5688.20      11.0      2.10     -0.41 
   5889.95      11.0      0.00     +0.11 
   5895.92      11.0      0.00     -0.19 
   4057.51      12.0      4.35     -0.90 
   4167.27      12.0      4.35     -0.74 
   4702.99      12.0      4.33     -0.44 
   5172.68      12.0      2.71     -0.36 
   5183.60      12.0      2.72     -0.17 
   3944.00      13.0      0.00     -0.64 
   3961.52      13.0      0.01     -0.33 
   3905.52      14.0      1.91     -1.04 
   4102.94      14.0      1.91     -3.34 
   4092.63      20.0      2.52     -0.86 
   4226.74      20.0      0.00     +0.24 
   4283.01      20.0      1.89     -0.20 
   4318.65      20.0      1.90     -0.21 
   4355.08      20.0      2.71     -0.42 
   4425.44      20.0      1.88     -0.41 
   4434.96      20.0      1.89     -0.06 
   4435.69      20.0      1.89     -0.55 
   4454.78      20.0      1.90     +0.26 
   4455.89      20.0      1.90     -0.55 
   4456.61      20.0      1.90     -1.74 
   4526.94      20.0      2.71     -0.47 
   4578.55      20.0      2.52     -0.67 
   4685.27      20.0      2.93     -1.02 
   5260.39      20.0      2.52     -1.74 
   5261.71      20.0      2.52     -0.60 
   5512.98      20.0      2.93     -0.45 
   5581.97      20.0      2.52     -0.58 
   5588.76      20.0      2.52     +0.30 
   5590.12      20.0      2.52     -0.60 
   5601.29      20.0      2.53     -0.57 
   5857.45      20.0      2.93     +0.17 
   6102.72      20.0      1.88     -0.81 
   6122.22      20.0      1.89     -0.33 
   6161.29      20.0      2.52     -1.35 
   6162.17      20.0      1.90     -0.11 
   6166.44      20.0      2.52     -1.22 
   6169.06      20.0      2.52     -0.87 
   6169.56      20.0      2.53     -0.60 
   6439.07      20.0      2.52     +0.33 
   6449.81      20.0      2.52     -0.55 
   6455.60      20.0      2.52     -1.42 
   6471.66      20.0      2.53     -0.71 
   6499.65      20.0      2.52     -0.81 
   6717.69      20.0      2.71     -0.58 
   4246.82      21.1      0.32     +0.24 
   4320.73      21.1      0.60     -0.25 
   4324.98      21.1      0.59     -0.44 
   4374.45      21.1      0.62     -0.42 
   4400.39      21.1      0.60     -0.54 
   4415.54      21.1      0.59     -0.67 
   4670.41      21.1      1.36     -0.58 
   5031.01      21.1      1.36     -0.40 
   5526.79      21.1      1.77     +0.02 
   5657.91      21.1      1.51     -0.60 
   3989.76      22.0      0.02     -0.13 
   3998.64      22.0      0.05     +0.02 
   4512.73      22.0      0.84     -0.40 
   4518.02      22.0      0.83     -0.25 
   4533.24      22.0      0.85     +0.54 
   4534.78      22.0      0.84     +0.35 
   4548.76      22.0      0.83     -0.28 
   4555.48      22.0      0.85     -0.40 
   4656.47      22.0      0.00     -1.28 
   4681.91      22.0      0.05     -1.01 
   4840.87      22.0      0.90     -0.43 
   4981.73      22.0      0.84     +0.57 
   4991.07      22.0      0.84     +0.45 
   4999.50      22.0      0.83     +0.32 
   5016.16      22.0      0.85     -0.48 
   5064.65      22.0      0.05     -0.94 
   5173.74      22.0      0.00     -1.06 
   5192.97      22.0      0.02     -0.95 
   5210.38      22.0      0.05     -0.82 
   4028.34      22.1      1.89     -0.92 
   4337.91      22.1      1.08     -0.96 
   4394.06      22.1      1.22     -1.77 
   4395.03      22.1      1.08     -0.54 
   4395.84      22.1      1.24     -1.93 
   4398.29      22.1      1.21     -2.65 
   4399.77      22.1      1.24     -1.20 
   4409.52      22.1      1.23     -2.53 
   4417.71      22.1      1.17     -1.19 
   4418.33      22.1      1.24     -1.99 
   4443.80      22.1      1.08     -0.71 
   4444.55      22.1      1.12     -2.20 
   4450.48      22.1      1.08     -1.52 
   4464.45      22.1      1.16     -1.81 
   4470.85      22.1      1.17     -2.02 
   4493.52      22.1      1.08     -2.78 
   4501.27      22.1      1.12     -0.77 
   4533.96      22.1      1.24     -0.53 
   4571.97      22.1      1.57     -0.31 
   4583.41      22.1      1.16     -2.84 
   4636.32      22.1      1.16     -3.02 
   4657.20      22.1      1.24     -2.29 
   4708.66      22.1      1.24     -2.35 
   4798.53      22.1      1.08     -2.66 
   5129.16      22.1      1.89     -1.34 
   5185.90      22.1      1.89     -1.41 
   5188.69      22.1      1.58     -1.05 
   5226.54      22.1      1.57     -1.26 
   5336.79      22.1      1.58     -1.60 
   5381.02      22.1      1.57     -1.97 
   5418.77      22.1      1.58     -2.13 
   4111.78      23.0      0.30      0.40 
   4379.23      23.0      0.30      0.58 
   4389.98      23.0      0.28      0.22 
   3997.11      23.1      1.48     -1.20 
   4002.93      23.1      1.43     -1.44 
   4005.70      23.1      1.82     -0.45 
   4023.38      23.1      1.80     -0.61 
   4274.80      24.0      0.00     -0.22 
   4289.72      24.0      0.00     -0.37 
   4545.95      24.0      0.94     -1.37 
   4646.15      24.0      1.03     -0.74 
   4651.28      24.0      0.98     -1.46 
   4789.34      24.0      2.54     -0.33 
   5206.04      24.0      0.94     +0.02 
   5296.69      24.0      0.98     -1.36 
   5298.28      24.0      0.98     -1.14 
   5300.74      24.0      0.98     -2.00 
   5345.80      24.0      1.00     -0.95 
   5348.31      24.0      1.00     -1.21 
   5409.77      24.0      1.03     -0.67 
   4558.64      24.1      4.07     -0.43 
   4588.20      24.1      4.07     -0.65 
   4592.05      24.1      4.07     -1.30 
   4618.81      24.1      4.07     -0.89 
   4030.75      25.0      0.00     -0.50 
   4033.06      25.0      0.00     -0.65 
   4034.48      25.0      0.00     -0.84 
   4041.35      25.0      2.11     +0.28 
   4754.04      25.0      2.28     -0.08 
   4762.37      25.0      2.89     +0.30 
   4823.52      25.0      2.32     +0.14 
   6021.82      25.0      3.08     -0.05 
   4005.24      26.0      1.56     -0.58 
   4045.81      26.0      1.49     +0.28 
   4058.22      26.0      3.21     -1.18 
   4063.59      26.0      1.56     +0.06 
   4067.98      26.0      3.21     -0.53 
   4070.77      26.0      3.24     -0.87 
   4071.74      26.0      1.61     -0.01 
   4114.44      26.0      2.83     -1.30 
   4132.06      26.0      1.61     -0.68 
   4134.68      26.0      2.83     -0.65 
   4143.87      26.0      1.56     -0.51 
   4147.67      26.0      1.49     -2.07 
   4150.25      26.0      3.43     -1.19 
   4154.50      26.0      2.83     -0.69 
   4156.80      26.0      2.83     -0.81 
   4157.78      26.0      3.42     -0.40 
   4158.79      26.0      3.43     -0.70 
   4174.91      26.0      0.91     -2.94 
   4175.64      26.0      2.85     -0.83 
   4181.76      26.0      2.83     -0.37 
   4182.38      26.0      3.02     -1.18 
   4184.89      26.0      2.83     -0.87 
   4187.04      26.0      2.45     -0.56 
   4187.80      26.0      2.42     -0.51 
   4191.43      26.0      2.47     -0.67 
   4195.33      26.0      3.33     -0.49 
   4199.10      26.0      3.05     +0.16 
   4202.03      26.0      1.49     -0.69 
   4216.18      26.0      0.00     -3.36 
   4217.55      26.0      3.43     -0.48 
   4222.21      26.0      2.45     -0.91 
   4227.43      26.0      3.33     +0.27 
   4233.60      26.0      2.48     -0.60 
   4238.81      26.0      3.40     -0.23 
   4250.12      26.0      2.47     -0.38 
   4250.79      26.0      1.56     -0.71 
   4260.47      26.0      2.40     +0.08 
   4271.15      26.0      2.45     -0.34 
   4271.76      26.0      1.49     -0.17 
   4282.40      26.0      2.18     -0.78 
   4325.76      26.0      1.61     +0.01 
   4352.73      26.0      2.22     -1.29 
   4375.93      26.0      0.00     -3.00 
   4388.41      26.0      3.60     -0.68 
   4404.75      26.0      1.56     -0.15 
   4415.12      26.0      1.61     -0.62 
   4427.31      26.0      0.05     -2.92 
   4430.61      26.0      2.22     -1.73 
   4432.57      26.0      3.57     -1.58 
   4442.34      26.0      2.20     -1.23 
   4443.19      26.0      2.86     -1.04 
   4447.72      26.0      2.22     -1.36 
   4461.65      26.0      0.09     -3.19 
   4466.55      26.0      2.83     -0.60 
   4484.22      26.0      3.60     -0.64 
   4489.74      26.0      0.12     -3.90 
   4494.56      26.0      2.20     -1.14 
   4514.18      26.0      3.05     -1.96 
   4531.15      26.0      1.48     -2.10 
   4547.85      26.0      3.55     -0.82 
   4574.22      26.0      3.21     -2.35 
   4592.65      26.0      1.56     -2.46 
   4595.36      26.0      3.30     -1.76 
   4602.00      26.0      1.61     -3.13 
   4602.94      26.0      1.49     -2.21 
   4607.65      26.0      3.27     -1.33 
   4619.29      26.0      3.60     -1.06 
   4630.12      26.0      2.28     -2.58 
   4637.50      26.0      3.28     -1.29 
   4643.46      26.0      3.65     -1.15 
   4647.43      26.0      2.95     -1.35 
   4661.97      26.0      2.99     -2.50 
   4668.13      26.0      3.27     -1.08 
   4704.95      26.0      3.69     -1.32 
   4733.59      26.0      1.49     -2.99 
   4736.77      26.0      3.21     -0.67 
   4786.81      26.0      3.02     -1.61 
   4787.83      26.0      3.00     -2.62 
   4789.65      26.0      3.55     -0.96 
   4800.65      26.0      4.14     -1.03 
   4807.71      26.0      3.37     -2.15 
   4871.32      26.0      2.87     -0.34 
   4872.14      26.0      2.88     -0.57 
   4875.88      26.0      3.33     -1.90 
   4882.14      26.0      3.42     -1.48 
   4885.43      26.0      3.88     -0.97 
   4890.76      26.0      2.88     -0.38 
   4891.49      26.0      2.85     -0.11 
   4896.44      26.0      3.88     -1.89 
   4903.31      26.0      2.88     -0.89 
   4905.13      26.0      3.93     -1.73 
   4907.73      26.0      3.43     -1.70 
   4910.02      26.0      3.40     -1.28 
   4911.78      26.0      3.93     -1.75 
   4918.99      26.0      2.86     -0.34 
   4920.50      26.0      2.83     +0.07 
   4924.77      26.0      2.28     -2.11 
   4938.81      26.0      2.88     -1.08 
   4939.69      26.0      0.86     -3.25 
   4946.39      26.0      3.37     -1.11 
   4950.11      26.0      3.42     -1.50 
   4966.09      26.0      3.33     -0.79 
   4994.13      26.0      0.92     -2.97 
   5001.86      26.0      3.88     -0.01 
   5002.79      26.0      3.40     -1.46 
   5005.71      26.0      3.88     -0.12 
   5006.12      26.0      2.83     -0.62 
   5014.94      26.0      3.94     -0.18 
   5022.24      26.0      3.98     -0.33 
   5028.13      26.0      3.57     -1.02 
   5039.25      26.0      3.37     -1.52 
   5044.21      26.0      2.85     -2.02 
   5048.44      26.0      3.96     -1.00 
   5049.82      26.0      2.28     -1.36 
   5051.63      26.0      0.92     -2.76 
   5068.77      26.0      2.94     -1.04 
   5079.22      26.0      2.20     -2.10 
   5079.74      26.0      0.99     -3.24 
   5083.34      26.0      0.96     -2.84 
   5123.72      26.0      1.01     -3.06 
   5127.36      26.0      0.92     -3.25 
   5131.47      26.0      2.22     -2.52 
   5133.69      26.0      4.18      0.36 
   5141.74      26.0      2.42     -2.24 
   5150.84      26.0      0.99     -3.04 
   5151.91      26.0      1.01     -3.32 
   5166.28      26.0      0.00     -4.12 
   5171.60      26.0      1.49     -1.72 
   5191.45      26.0      3.04     -0.55 
   5192.34      26.0      3.00     -0.42 
   5194.94      26.0      1.56     -2.02 
   5198.71      26.0      2.22     -2.09 
   5202.34      26.0      2.18     -1.87 
   5215.18      26.0      3.27     -0.86 
   5216.27      26.0      1.61     -2.08 
   5217.39      26.0      3.21     -1.07 
   5225.53      26.0      0.11     -4.76 
   5232.94      26.0      2.94     -0.06 
   5242.49      26.0      3.63     -0.83 
   5253.46      26.0      3.28     -1.58 
   5263.31      26.0      3.27     -0.87 
   5266.56      26.0      3.00     -0.38 
   5281.79      26.0      3.04     -0.83 
   5283.62      26.0      3.24     -0.45
   5288.52      26.0      3.69     -1.49 
   5307.36      26.0      1.61     -2.91 
   5322.04      26.0      2.28     -2.80 
   5324.18      26.0      3.21     -0.11 
   5332.90      26.0      1.56     -2.78 
   5339.93      26.0      3.27     -0.63 
   5341.02      26.0      1.61     -1.95 
   5364.87      26.0      4.45     +0.23 
   5365.40      26.0      3.57     -1.02 
   5367.47      26.0      4.42     +0.44 
   5369.96      26.0      4.37     +0.54 
   5371.49      26.0      0.96     -1.64 
   5373.71      26.0      4.47     -0.71 
   5379.57      26.0      3.69     -1.42 
   5383.37      26.0      4.31     +0.64 
   5397.13      26.0      0.92     -1.98 
   5405.77      26.0      0.99     -1.85 
   5410.91      26.0      4.47     +0.40 
   5415.20      26.0      4.39     +0.64 
   5429.70      26.0      0.96     -1.88 
   5434.52      26.0      1.01     -2.13 
   5473.90      26.0      4.15     -0.72 
   5483.10      26.0      4.15     -1.39 
   5493.50      26.0      4.10     -1.48 
   5497.52      26.0      1.01     -2.82 
   5501.47      26.0      0.96     -3.05 
   5506.78      26.0      0.99     -2.79 
   5525.54      26.0      4.23     -1.08 
   5554.90      26.0      4.55     -0.27 
   5563.60      26.0      4.19     -0.75 
   5569.62      26.0      3.42     -0.52 
   5586.76      26.0      3.37     -0.11 
   5618.63      26.0      4.21     -1.25 
   5624.54      26.0      3.42     -0.76 
   5638.26      26.0      4.22     -0.72 
   5662.52      26.0      4.18     -0.41 
   5686.53      26.0      4.55     -0.44 
   5701.54      26.0      2.56     -2.14 
   5705.47      26.0      4.30     -1.36 
   5753.12      26.0      4.26     -0.62 
   5775.08      26.0      4.22     -1.08 
   5816.37      26.0      4.55     -0.60 
   6003.01      26.0      3.88     -1.10 
   6008.56      26.0      3.88     -0.98 
   6056.00      26.0      4.73     -0.32 
   6065.48      26.0      2.61     -1.41 
   6136.61      26.0      2.45     -1.41 
   6137.69      26.0      2.59     -1.35 
   6151.62      26.0      2.18     -3.37 
   6173.34      26.0      2.22     -2.88 
   6191.56      26.0      2.43     -1.42 
   6213.43      26.0      2.22     -2.48 
   6219.28      26.0      2.20     -2.45 
   6230.72      26.0      2.56     -1.28 
   6232.64      26.0      3.65     -1.24 
   6240.65      26.0      2.22     -3.17 
   6246.32      26.0      3.60     -0.77 
   6252.56      26.0      2.40     -1.77 
   6265.13      26.0      2.18     -2.54 
   6297.79      26.0      2.22     -2.64 
   6301.50      26.0      3.65     -0.71 
   6315.81      26.0      4.08     -1.63 
   6322.69      26.0      2.59     -2.47 
   6336.82      26.0      3.69     -0.85 
   6344.15      26.0      2.43     -2.88 
   6355.03      26.0      2.84     -2.29 
   6393.60      26.0      2.43     -1.58 
   6408.02      26.0      3.69     -0.99 
   6411.65      26.0      3.65     -0.59 
   6421.35      26.0      2.28     -2.01 
   6430.85      26.0      2.18     -1.95 
   6481.87      26.0      2.28     -3.01 
   6494.98      26.0      2.40     -1.24 
   6592.91      26.0      2.73     -1.47 
   6593.87      26.0      2.43     -2.37 
   6609.11      26.0      2.56     -2.66 
   6677.99      26.0      2.69     -1.42 
   6750.15      26.0      2.42     -2.58 
   6752.71      26.0      4.64     -1.20 
   6843.66      26.0      4.55     -0.73 
   6855.16      26.0      4.56     -0.49 
   6858.15      26.0      4.61     -0.90 
   6978.85      26.0      2.48     -2.45 
   7495.07      26.0      4.22     -0.10 
   7511.02      26.0      4.18      0.12 
   7568.90      26.0      4.28     -0.88 
   8220.38      26.0      4.32      0.30 
   4173.45      26.1      2.58     -2.38
   4178.86      26.1      2.58     -2.51
   4233.16      26.1      2.58     -2.02
   4303.17      26.1      2.70     -2.52
   4385.38      26.1      2.78     -2.64
   4416.82      26.1      2.78     -2.57
   4491.41      26.1      2.86     -2.71
   4508.28      26.1      2.86     -2.42
   4515.34      26.1      2.84     -2.60
   4555.89      26.1      2.83     -2.40
   4576.34      26.1      2.84     -2.95
   4583.83      26.1      2.81     -1.94
   4620.52      26.1      2.83     -3.21
   5197.58      26.1      3.23     -2.22
   5234.63      26.1      3.22     -2.18
   5276.00      26.1      3.20     -2.01
   5325.55      26.1      3.22     -3.16
   5414.07      26.1      3.22     -3.58
   3842.05      27.0      0.92     -0.74 
   3845.47      27.0      0.92     +0.06 
   3894.08      27.0      1.05     +0.12 
   3995.31      27.0      0.92     -0.18 
   4118.77      27.0      1.05     -0.48  
   4121.32      27.0      0.92     -0.33 
   3807.14      28.0      0.42     -1.23 
   4470.48      28.0      3.40     -0.30 
   4604.99      28.0      3.48     -0.24 
   4648.65      28.0      3.42     -0.09 
   4686.22      28.0      3.60     -0.59 
   4714.42      28.0      3.38     +0.25 
   4756.52      28.0      3.48     -0.27 
   4904.41      28.0      3.54     -0.17 
   4980.17      28.0      3.60     +0.07 
   5017.58      28.0      3.54     -0.03 
   5080.53      28.0      3.65     +0.32 
   5081.11      28.0      3.85     +0.30 
   5084.08      28.0      3.68     +0.03 
   5115.40      28.0      3.83     -0.11 
   5155.76      28.0      3.90     -0.09 
   5476.90      28.0      1.83     -0.78 
   6643.63      28.0      1.68     -2.22 
   6767.77      28.0      1.83     -2.14 
   5105.50      29.0      1.39     -1.50 
   4810.54      30.0      4.08     -0.15
   4077.71      38.1      0.00      0.15
   4554.03      56.1      0.00     +0.14
   4934.08      56.1      0.00     -0.16
   5853.68      56.1      0.60     -0.91
   6141.71      56.1      0.70     -0.03
   6496.90      56.1      0.60     -0.41
   4129.72      63.1      0.00      0.22
   4205.04      63.1      0.00      0.21
   4435.58      63.1      0.21     -0.11
