CS 22957-022       00 01 45.5 -05 49 46.6 5146 2.40 -2.92 0    0.16    0.21        0.21               0.27  0.07  0.30  0.32 -0.31 -0.68 -2.87  0.11  0.02  -0.19    -1.09   14
CS 29503-010       00 04 55.4 -24 24 19.3 6570 4.25 -1.00 1    1.07 <  1.28 -0.04 -0.06               0.11        0.28  0.21             -1.34                        1.51   3
CS 31085-024       00 08 27.9 +10 54 19.8 5778 4.64 -2.80 0    0.36 < -0.24        0.08         0.39  0.28  0.33  0.33  0.50 -0.12 -0.60 -2.70  0.24  0.28   0.04    -0.57   14
BS 17570-063       00 20 36.2 +23 47 37.7 6233 4.46 -2.95 0    0.40                0.28         0.51  0.33  0.77  0.60  0.70 -0.14       -3.01  0.44  0.20  -0.02    -0.26 f 5
HE 0024-2523       00 27 27.7 -25 06 28.2 6635 4.11 -2.82 0                        0.82 -0.49         0.54  0.25  0.63  0.35 -0.38       -2.78               0.46     1.88   6
CS 29527-015       00 29 10.7 -19 10 07.2 6577 3.89 -3.32 1    1.18                0.50               0.58  0.46        0.53  0.05              0.65  0.22   0.04            5
CS 30339-069       00 30 16.0 -35 56 51.2 6326 3.79 -3.05 0    0.56                0.55               0.72  0.44        0.72  0.13       -3.08  0.53  0.32   0.43            5
CS 31062-050       00 30 31.1 -12 05 10.9 5607 3.49 -2.28 1    2.00    1.20        0.12 -0.45                     0.34  0.67             -2.20               0.91 f   2.30 f 1
HE 0028-2152       00 31 07.7 -21 36 07.3 6184 3.75 -2.74 0                        0.48 -0.63   0.30  0.47  0.22  0.64  0.47 -0.12 -0.65 -2.85  0.34  0.09  -0.26    -0.54   9
HD 2796            00 31 16.9 -16 47 40.9 4923 1.84 -2.31 0   -0.50    0.85  0.45  0.06 -0.51         0.23  0.43  0.12  0.50 -0.15       -2.19 -0.06  0.04   0.25 f  -0.14 f 7
CS 31062-041       00 35 03.0 -15 54 29.3 4990 2.00 -2.65 0    0.58 <  1.59  0.40  0.32               0.34        0.29  0.30             -2.59                       -0.42   3
SDSS 0036-10       00 36 02.2 -10 43 36.3 6479 4.31 -2.60 1    2.32          0.79  0.14               0.31              0.35 -0.09       -2.48  0.25 -0.07  -0.07     0.40   4
CS 29497-034       00 41 39.8 -26 18 54.4 4983 1.96 -3.00 1    2.72    2.63                                       0.66  0.56 -0.11       -3.01                        2.28   3
CS 31062-012       00 44 03.6 -13 55 25.9 6190 4.47 -2.67 1    2.12    1.20  1.18  0.20 -0.68         0.21        0.50  0.37 -0.17       -2.60  0.24  0.07   0.33     2.32   1,  4
HD 4306            00 45 27.2 -09 32 39.9 4854 1.61 -3.04 0    0.11                0.47 -0.44         0.51        0.42  0.51 -0.09 -0.68 -3.00  0.12  0.02   0.04    -1.17 f 13
CD -38 245         00 46 36.2 -37 39 33.5 4857 1.54 -4.15 0 < -0.33    1.07  0.03  0.17 -0.65         0.22  0.10  0.44  0.29 -0.40       -4.11  0.35 -0.14  -0.71 f  -0.76 f 7
HE 0049-3948       00 52 13.4 -39 32 36.9 6466 3.78 -3.68 0 <  1.81 <  2.40 -0.08  0.29        -0.01  0.11              0.40  0.23       -3.51        0.30  -0.85   < 0.14   This Paper
HE 0054-2123       00 56 53.2 -21 07 29.6 6424 4.35 -2.59 0                        0.34 -0.61   0.27  0.42  0.39  0.62  0.59 -0.06 -0.81 -2.60  0.23  0.17  -0.10    -0.27   9
HE 0057-5959       00 59 54.0 -59 43 29.9 5257 2.65 -4.08 1    0.86    2.15  1.98  0.51               0.65  0.17  0.68  0.40 -0.50                    0.17  -1.06    -0.46   This Paper
CS 22953-003       01 02 15.9 -61 43 45.8 5002 2.01 -2.93 0    0.30    0.12  0.32  0.20 -0.91         0.24  0.07  0.19  0.15 -0.41       -2.90  0.02 -0.03   0.22 f   0.49 f 7
HD 6268            01 03 18.2 -27 52 49.9 4696 1.23 -2.74 0   -0.67                0.30 -0.46         0.39        0.29  0.45       -0.53 -2.62 -0.01 -0.15   0.25    -0.04 f 13
HE 0102-0633       01 05 25.7 -06 17 35.4 6371 3.83 -2.90 0                        0.44 -0.65   0.29  0.53  0.19        0.26 -0.20 -0.63 -2.84  0.45  0.19  -0.39    -0.08   9
HE 0102-1213       01 05 28.0 -11 57 31.1 6100 3.65 -3.28 0 <  1.31         -0.02  0.06 -0.69   0.16  0.42  0.10  0.76  0.35 -0.13 -0.66 -3.03  0.64  0.09  -0.30   <-0.64   This Paper
HE 0105-2202       01 07 31.2 -21 46 06.5 6267 4.44 -2.75 0                        0.29 -0.78   0.39  0.31  0.20  0.78  0.49 -0.18 -0.69 -2.52  0.50 -0.12  -0.15    -0.27   9
CS 22183-031       01 09 05.1 -04 43 21.1 5202 2.54 -3.17 0    0.42                0.25 -0.49         0.32        0.63  0.41       -0.70 -3.13  0.24  0.15   0.26    -0.33 f 13
HE 0107-5240       01 09 29.2 -52 24 34.2 5100 2.20 -5.54 1    3.85    2.43  1.11  0.26               0.12              0.04                               <-0.52 f <+0.82 f 8
CS 29518-020       01 12 13.2 -31 00 05.3 6435 4.34 -2.65 0                        0.00               0.26                   -0.28                   -0.08        f          5
CS 22174-007       01 14 06.5 -11 02 35.4 5265 2.78 -2.39 0    0.41 <  1.42  0.26  0.19               0.30        0.39  0.38 -0.09       -2.34                       -0.14   3
CS 29518-043       01 18 38.3 -30 41 02.7 6550 4.29 -3.14 0                                           0.80              0.77             -3.03        0.63   0.08 f          5
CS 29518-051       01 24 10.0 -28 15 21.1 5100 2.29 -2.64 0   -0.13    0.82  0.48  0.16 -0.70         0.30  0.23  0.26  0.45 -0.20       -2.75  0.03  0.13   0.18 f  -0.45 f 7
CS 22953-037       01 25 06.6 -59 16 00.7 6627 4.11 -2.70 0    0.37                                  -0.18        0.75 -0.04 -0.61       -2.80       -0.37  -0.50            5
CS 31082-001       01 29 31.1 -16 00 45.5 4866 1.66 -2.75 0    0.16   -0.51  0.46  0.29 -0.57         0.31  0.18  0.44  0.38 -0.31 -0.48 -2.76  0.02  0.18   0.63     1.02 f 7, 13
HE 0130-2303       01 33 18.2 -22 48 36.8 6548 4.28 -3.02 0                        0.12 -0.78  -0.07  0.39  0.28        0.50 -0.06 -0.50                     0.09    -0.71   6
HE 0132-2439       01 34 58.9 -24 24 18.6 5249 2.63 -3.79 0    0.62    1.07  0.07  0.32 -0.61   0.66  0.36  1.05  0.70  0.50 -0.36 -0.86 -3.62  0.44  0.06   0.30    -0.88   6, 11
53327-2044-515   c 01 40 36.2 +23 44 58.1 5703 4.68 -4.00 1    1.13          0.11  0.32 -0.19         0.17  0.32        0.50                          0.13   1.09   < 0.34   This Paper
53327-2044-515   d 01 40 36.2 +23 44 58.1 5703 3.36 -4.09 1    1.57          0.17  0.48 -0.16         0.20 -0.07        0.04                          0.12   0.53   <-0.04   This Paper
HE 0142+0147       01 44 47.9 +02 02 17.9 6244 3.79 -2.67 0                        0.54 -0.55   0.45  0.46        0.67  0.37 -0.26 -0.51 -2.63  0.54  0.20  -0.09    -0.32   9
HE 0143-0441       01 45 37.9 -04 26 43.4 6276 3.84 -2.32 1    1.82    0.85        0.65 -0.64                     0.57  0.42 -0.30 -0.82 -2.44  0.47 -0.18   1.09     2.42   9, 10
HE 0146-1548       01 48 34.7 -15 33 24.4 4636 0.99 -3.46 1    0.84          1.17  0.87  0.14   0.50  0.22        0.17  0.18 -0.38 -0.59 -3.33  0.30  0.05  -0.38    -0.71   This Paper
HE 0148-2611       01 50 59.6 -25 57 03.2 6605 4.23 -3.05 0                       -0.02 -0.89         0.15  0.21        0.14 -0.21                          -0.97            6
HE 0206-1916       02 09 19.6 -19 01 55.5 5073 2.23 -2.52 1    2.10    1.61  0.73  0.40               0.41        0.55  0.50  0.07       -2.39                        1.99   3
HE 0207-1423       02 10 00.7 -14 09 11.1 5023 2.07 -2.95 1    2.38          0.61  0.54  0.10   0.50  0.43        0.22  0.31  0.09       -2.87 -0.07  0.21   0.33     1.73   This Paper
HE 0218-2738       02 21 03.9 -27 24 40.5 6593 4.29 -3.57 0                        0.05 -0.59   0.05  0.11  0.54        0.57 -0.10                          -0.38            6
HE 0228-4047     c 02 30 33.7 -40 33 54.8 6515 4.35 -3.75 0 <  1.88                0.26         0.35  0.39              0.57 -0.01                    0.49 <-0.58   < 0.40   This Paper
HE 0228-4047     d 02 30 33.7 -40 33 54.8 6515 3.80 -3.75 0 <  1.98                0.26         0.34  0.39              0.38  0.00                    0.49 <-0.75   < 0.24   This Paper
HE 0231-6025       02 32 30.6 -60 12 11.2 6437 4.36 -3.10 0 <  1.64          0.01  0.39 -0.64   0.02  0.42  0.27        0.65 -0.02                           0.04    -0.10   This Paper
CS 31061-032       02 38 43.3 +03 19 02.4 6448 4.33 -2.56 0    0.56               -0.15               0.00 -0.11  0.28  0.09             -2.56 -0.10 -0.34   0.21 f  -0.40 f 5
CS 22189-009       02 41 42.4 -13 28 10.5 4944 1.83 -3.48 0    0.31    0.27 -0.19  0.09 -0.90         0.20  0.08  0.17  0.12 -0.44       -3.46  0.29  0.09  -0.95 f  -1.29 f 7
HE 0242-0732       02 45 00.7 -07 19 42.1 6572 4.29 -3.30 0                        0.33 -0.69   0.29  0.29  0.24        0.20 -0.14       -3.48              -1.20            6
HE 0253-1331       02 56 06.7 -13 19 27.0 6474 4.34 -3.01 0 <  1.64         -0.17  0.25 -0.61   0.07  0.58  0.58        0.62 -0.08              0.44  0.13   0.41     0.33   This Paper
CS 22963-004       02 56 46.6 -04 51 17.5 5597 3.34 -3.54 0    0.40    0.80        0.34 -0.73   0.58  0.38  0.35        0.44 -0.30 -0.83 -3.44  0.47  0.11  -0.68    -0.51   14
CS 31078-018       03 01 00.7 +06 16 31.9 5100 2.27 -2.99 0    0.37   -0.38        0.47 -0.78         0.48  0.03  0.30  0.26 -0.27 -0.37 -3.05  0.13  0.13   0.24 f   0.38   14
LP 831-70          03 06 05.4 -22 19 17.9 6408 4.37 -2.95 0                        0.49 -0.41   0.24  0.10  0.44        0.30 -0.22 -0.62 -2.93  0.65  0.03  -1.48    -1.55 f 9
CS 22968-014       03 06 29.5 -54 30 32.5 4864 1.60 -3.58 0    0.25    0.24 -0.24  0.21 -0.72         0.02  0.08  0.14  0.02 -0.46       -3.56  0.47  0.27  -1.80 f  -1.77 f 7
CS 22172-002       03 14 20.8 -10 35 11.3 4893 1.68 -3.77 0    0.00    0.24 -0.28  0.15 -0.80         0.24  0.00  0.37  0.26 -0.44       -3.73  0.41 -0.10  -1.31 f  -1.17 f 7
HE 0314-1739       03 17 01.8 -17 28 54.9 6570 4.25 -2.86 0 <  1.49         -0.45  0.04 -0.86  -0.10  0.49  0.15        0.36 -0.18                   -0.07  -0.57   <-0.27   This Paper
HE 0336+0113       03 38 52.9 +01 23 07.8 5819 3.59 -2.60 1    2.25    1.60        1.03  0.13         0.42        0.46  0.13 -0.18 -0.20        0.13         1.87     2.69   10
HE 0355-3728     c 03 57 23.0 -37 20 23.  6418 4.39 -3.41 0 <  2.14                             0.10  0.28              0.89                                 0.45   < 0.21   This Paper
HE 0355-3728     d 03 57 23.0 -37 20 23.  6418 3.84 -3.41 0 <  2.34                             0.20  0.74              0.95                                 0.92   < 0.09   This Paper
HE 0400-2030       04 02 14.8 -20 21 53.5 5579 3.53 -1.68 1    1.14    2.75  0.45  0.28               0.12        0.17  0.43  0.11       -1.80                        1.85   3
CS 22177-009       04 07 40.6 -25 02 43.9 6423 4.37 -2.98 0    0.38                0.24         0.10  0.42  0.27        0.47 -0.07       -2.96  0.47  0.08  -0.18            5
CS 22169-035       04 12 13.9 -12 05 05.1 4654 1.10 -2.95 0   -0.24    1.02       -0.04 -0.89         0.13 -0.08 -0.07 -0.09 -0.46 -0.36 -2.91 -0.33 -0.27  -0.59    -1.19 f 7, 13
CS 22186-025       04 24 32.8 -37 09 02.6 4871 1.66 -3.07 0   -0.54    0.98  0.48  0.32 -0.72         0.36  0.28  0.36  0.50 -0.36       -2.91  0.09  0.00  -0.12 f   0.02 f 7
HE 0441-0652       04 43 29.9 -06 46 53.5 4811 1.52 -2.77 1    1.38    0.89  0.65  0.21               0.38        0.37  0.32             -2.75                        1.20   3
BD +03 740         05 01 16.6 +04 06 37.1 6485 4.31 -2.70 0    0.59 <  0.29        0.15 -0.83   0.17  0.39  0.37  0.69  0.60 -0.07 -0.51 -2.61  0.35  0.06  -0.08    -0.42   6, 14
HE 0507-1653       05 09 16.6 -16 50 04.6 4935 1.88 -1.32 1    1.29    0.80  0.20  0.10               0.53        0.40  0.02             -1.76                        1.56   3
HE 0508-1555       05 10 35.5 -15 51 38.3 6451 4.32 -2.40 0                        0.34 -0.65   0.31  0.30  0.28  0.67  0.54 -0.21 -0.65 -2.50  0.30  0.09   0.48    -0.13   9
HE 0557-4840       05 58 39.3 -48 39 56.8 4900 2.20 -4.81 1    1.65 <  1.93 -0.18  0.17 -0.65         0.17              0.36 -0.69                   -0.17 <-1.07 f <+0.03 f 16
54142-2667-094     08 51 36.7 +10 18 03.2 6456 3.87 -2.96 0 <  1.39                0.23 -0.72  -0.05  0.34  0.30  1.03  0.39 -0.14 -0.38 -2.90       -0.16  -1.08   <-0.43   This Paper
52972-1213-507     09 18 49.9 +37 44 26.8 6463 4.34 -2.98 1    2.82          1.60  0.34       < 1.50  0.56              0.38 -0.27              0.65  0.15   1.15     1.70   This Paper
SDSS 0924+40       09 24 01.9 +40 59 28.8 6196 3.77 -2.68 1    2.72          1.29  0.39               0.22              0.21 -0.21       -2.67        0.15   0.77     1.73   4
HE 0945-1435     c 09 47 50.7 -14 49 06.9 6344 4.43 -3.77 0 <  1.70               -0.10       < 2.00  0.26  0.15        0.33 -0.24                         <-0.71   < 0.25   This Paper
HE 0945-1435     d 09 47 50.7 -14 49 06.9 6344 3.71 -3.78 0 <  1.81               -0.09       < 2.00  0.26 -0.08        0.09 -0.23                         <-0.93   < 0.04   This Paper
HE 1005-1439       10 07 52.4 -14 54 21.0 5202 2.55 -3.09 1    2.48    1.79  1.05  0.33               0.54        0.49  0.31 -0.34                                    1.17   3
HD 88609           10 14 29.0 +53 33 39.4 4541 0.80 -2.98 0   -0.51                0.28 -0.42         0.25        0.18  0.51 -0.30 -0.79 -3.07 -0.31 -0.07   0.17    -1.05 f 13
HE 1012-1540       10 14 53.5 -15 55 53.2 5745 3.45 -3.47 1    2.22    1.25  1.93  1.85  0.65         0.70              0.06 -0.24 -0.51        0.23 -0.22  -0.37    -0.25   11
BS 16469-075       10 15 10.2 +42 53 17.3 4919 1.78 -3.25 0    0.21                0.24 -0.74         0.33        0.27  0.27       -0.77 -3.19  0.18 -0.05   0.25    -1.12 f 13
HE 1031-0020       10 34 24.2 -00 36 08.4 5043 2.13 -2.79 1    1.63    2.48        0.48  0.66         0.96        0.33  1.13 -0.30  0.00 -3.02               0.52     1.61   10
HE 1055+0104     c 10 58 04.4 +00 48 36.0 6287 4.43 -2.87 0 <  1.20         -0.07  0.21 -0.66   0.46  0.40  0.24        0.54 -0.23 -0.63 -2.96  0.40  0.13  -0.11   <-0.39   This Paper
HE 1055+0104     d 10 58 04.4 +00 48 36.0 6287 3.79 -2.89 0 <  1.42         -0.06  0.35 -0.67   0.50  0.44  0.04        0.32 -0.23 -0.62 -3.19  0.41  0.11  -0.37   <-0.57   This Paper
HE 1116-0054     c 11 18 47.8 -01 11 19.4 6454 4.37 -3.49 0 <  1.72 <  2.91 -0.23  0.07       < 1.70  0.30  0.28        0.40 -0.07                          -0.07   < 0.16   This Paper
HE 1116-0054     d 11 18 47.8 -01 11 19.4 6454 3.80 -3.48 0 <  1.92 <  2.91 -0.23  0.08       < 1.70  0.30  0.09        0.21 -0.07                          -0.25   <-0.01   This Paper
BS 16545-089       11 24 27.5 +36 50 28.8 6486 3.82 -3.44 0 <  1.77         -0.16  0.25       < 1.50  0.53  0.17        0.45 -0.12                          -0.18   <-0.18   This Paper
53436-1996-093     11 28 13.6 +38 41 48.9 6449 4.38 -3.53 0 <  1.66         -0.13  0.21       < 1.80  0.30  0.44        0.45  0.05                           0.44   < 0.05   This Paper
BS 16077-007       11 35 18.0 +31 00 23.7 6486 4.31 -2.77 0    0.60 <  0.80        0.28         0.23  0.49  0.30  0.67  0.52 -0.12 -0.58 -2.78  0.30  0.10   0.26    -0.23   14
HE 1142-1422       11 44 59.2 -14 38 49.6 6238 2.80 -2.84 0 <  1.57 <  2.51 -0.06  0.40 -0.57  -0.12  0.40  0.22        0.52  0.01 -0.42 -2.64        0.12   0.48     0.44   This Paper
HE 1150-0428       11 53 06.6 -04 45 03.4 5208 2.54 -3.47 1    2.37    2.52        0.41               1.16        0.59  0.73 -0.56                          -0.12    -0.48   10
HE 1201-1512     c 12 03 37.0 -15 29 33.0 5725 4.67 -3.86 1    1.14 <  1.23 -0.35  0.20 -0.73         0.05  0.31        0.33 -0.50 -0.59        0.83  0.19 <-0.87   < 0.05   This Paper
HE 1201-1512     d 12 03 37.0 -15 29 33.0 5725 3.39 -3.92 1    1.60 <  1.29 -0.32  0.28 -0.72         0.07 -0.09       -0.10 -0.48 -0.58        0.82  0.15 <-1.27   <-0.34   This Paper
HE 1204-0744       12 06 46.2 -08 00 44.1 6500 4.30 -2.71 0 <  1.55         -0.05 -0.07        -0.34  0.45 -0.09        0.18  0.04       -1.76       -0.18  -0.30   <-0.18   This Paper
BS 16920-017       12 07 16.8 +41 39 32.5 4851 1.58 -3.40 0 < -0.07                0.11 -0.70         0.16        0.55  0.57 -0.13 -0.23 -3.18  0.19  0.21  -0.36    -1.83 f 13
HE 1207-3108       12 09 54.0 -31 25 10.6 5294 2.85 -2.70 0 < -0.27    0.42  0.54 -0.38 -1.19   0.16 -0.25 -0.55 -0.29 -0.31 -0.41 -0.35 -2.62 -0.31 -0.33  -0.38   <-1.67   This Paper
BS 16928-053       12 22 28.0 +34 11 31.8 4679 1.16 -2.93 0   -0.24    1.05  0.17  0.09 -0.79         0.18        0.00  0.23 -0.14 -0.74 -2.99 -0.20 -0.16  -0.04    -0.79   13, 14
BS 16085-050       12 37 46.7 +19 22 49.5 4910 1.76 -3.16 0 < -0.52                0.56 -0.46         0.44        0.27  0.36 -0.38 -0.37 -3.03  0.12  0.20  -1.57    -1.56 f 13
BS 16076-006       12 48 22.8 +20 56 44.0 5566 3.32 -3.51 0    0.34                0.44         0.31  0.72  0.38  0.73  0.63 -0.09       -3.58  0.38  0.07          <-1.00 f 5
HE 1300+0157       13 02 56.2 +01 41 52.1 5529 3.25 -3.75 1    1.31 <  0.71 -0.02  0.33 -0.64         0.39  0.30  0.62  0.36 -0.38 -0.76 -3.78  0.49  0.08  -1.36   <-0.85 f 11, 12
BS 16929-005       13 03 29.5 +33 51 09.1 5229 2.61 -3.34 1    0.99    0.32  0.03  0.30 -0.72         0.34  0.01  0.52  0.40 -0.35 -0.78 -3.27  0.28  0.07   0.54    -0.41   3, 13, 14
HD 115444          13 16 42.5 +36 22 52.9 4711 1.23 -2.65 0   -0.41                0.05 -0.31         0.22        0.17  0.68  0.13 -0.70 -2.88 -0.09  0.28   0.26     0.14 f 13
HE 1320+0038       13 22 35.4 +00 22 32.6 6566 3.99 -2.68 0                        0.36 -0.60   0.05  0.34  0.17        0.43 -0.11 -0.50 -2.61  0.44  0.06  -0.46    -0.41   9
HE 1319-1935       13 22 38.7 -19 51 11.6 4691 1.27 -2.22 1    1.45    0.46        0.36               0.61              0.32             -2.12                        1.68   3
HE 1320-2952       13 22 54.9 -30 08 05.3 5106 2.26 -3.69 0 <  0.52 <  0.86  0.09  0.40 -0.60   0.68  0.31  0.00  0.54  0.22 -0.34 -0.78 -3.62  0.29 -0.15  -0.37    -0.96   This Paper
HE 1327-2326       13 30 06.0 -23 41 49.7 6180 3.70 -5.76 1    4.26    4.56  2.48  1.55  1.23         0.29              0.80                                 1.04            2
BS 16467-062       13 42 00.6 +17 48 40.9 5310 2.80 -3.80 0    0.40 <  0.45 -0.11  0.18 -0.74   0.46  0.33  0.26  0.50  0.36 -0.41 -0.70 -3.71  0.63  0.26  -1.58            7, 11, 14
BS 16082-129       13 47 11.7 +28 57 47.1 4868 1.67 -2.84 0    0.29                0.14 -0.76         0.25        0.14  0.35  0.02 -0.71 -2.87  0.01  0.17  -0.16    -0.97 f 13
HE 1346-0427     c 13 49 25.1 -04 42 14.8 6255 4.47 -3.57 0 <  1.10         -0.15  0.25       < 1.80  0.37  0.21  0.80  0.36 -0.22                          -0.23   < 0.01   This Paper
HE 1346-0427     d 13 49 25.1 -04 42 14.8 6255 3.69 -3.58 0 <  1.31         -0.14  0.28       < 1.80  0.37 -0.04  0.80  0.11 -0.21                          -0.48   <-0.22   This Paper
HE 1347-1025       13 50 22.4 -10 40 18.9 5206 2.52 -3.71 0    0.15          0.00  0.43 -0.48   0.79  0.39  0.12        0.44 -0.38 -0.81 -3.35  0.45 -0.06  -0.93    -0.50   11
HE 1356-0622       13 59 30.3 -06 36 35.0 4953 1.85 -3.63 0 < -0.05          0.84  0.51 -0.67   0.97  0.48  0.32  0.45  0.37 -0.46 -1.00 -3.47  0.16 -0.10  -1.79    -1.11   11
BS 16023-046       14 00 54.5 +22 46 42.3 6571 4.25 -2.83 0    0.55               -0.03        -0.05  0.26  0.00  0.68  0.24 -0.10       -2.98  0.24  0.00  -0.26            5
HD 122563          14 02 31.9 +09 41 10.1 4843 1.62 -2.54 0   -0.44    0.70  0.39  0.28 -0.26         0.18  0.39  0.18  0.36 -0.30 -0.24 -2.58  0.02  0.14   0.25    -1.12 f 7, 13
HE 1402-0523     c 14 04 38.0 -05 38 13.5 6418 4.38 -3.17 0 <  1.50 <  1.84 -0.15  0.29 -0.79   0.10  0.35  0.44        0.57 -0.16              0.99  0.03   0.11   <-0.09   This Paper
HE 1402-0523     d 14 04 38.0 -05 38 13.5 6418 3.82 -3.19 0 <  1.62 <  1.96 -0.13  0.36 -0.77   0.09  0.38  0.27        0.39 -0.14              1.01  0.04  -0.09   <-0.24   This Paper
BS 16550-087       14 10 26.7 +18 01 24.0 4754 1.32 -3.54 0   -0.49    1.11  0.13  0.53 -0.47   0.59  0.30  0.05  0.23  0.11 -0.63 -0.90 -3.52  0.14 -0.05   0.65    -0.75   14
HE 1424-0241       14 26 40.3 -02 54 27.5 5260 2.66 -4.05 0 <  0.63 <  1.13  0.30  0.43 -0.73  -0.89 -0.50 -0.01       -0.04 -0.32 -0.23 -3.81  0.89  0.32 <-1.69 f  -0.75   11
HD 126587          14 27 00.4 -22 14 38.9 4853 1.61 -3.00 0    0.19                0.40 -0.54         0.42        0.32  0.40       -0.66 -3.01  0.06  0.03   0.34    -0.10 f 13
HE 1429-0551       14 32 31.3 -06 05 00.3 4757 1.39 -2.60 1    2.28    1.39  0.99  0.21               1.08        0.32  0.36             -2.59                        1.47   3
BS 16477-003       14 32 56.9 +06 46 07.0 4879 1.66 -3.39 0    0.29 < -0.26  0.21  0.24 -0.53         0.34  0.15  0.37  0.32 -0.40       -3.32  0.25  0.08   0.01 f  -0.45 f 7
CS 30325-094       14 54 39.3 +04 21 38.1 4948 1.85 -3.35 0    0.00    0.18  0.20  0.42 -0.54         0.40  0.40  0.35  0.32 -0.44       -3.39  0.18  0.07  -2.24 f  -1.88 f 7
BS 16968-061       15 01 06.1 +03 42 45.5 6343 3.82 -2.85 0    0.45                             0.33  0.13  0.40  0.59  0.19 -0.23       -2.93  0.56  0.16  -0.57 f          5
CS 30325-028       15 05 19.8 +06 17 07.0 4894 1.73 -2.87 0    0.38   -0.22        0.36               0.30  0.09  0.28  0.30 -0.27 -0.66 -2.93  0.01  0.01   0.38    -0.49   14
CS 30301-024       15 08 29.7 -00 35 59.2 6584 4.03 -2.54 0    0.23                                               0.18                   -2.65 -0.02        -0.38    -0.28 f 5
CS 30301-015       15 08 56.8 +02 30 18.5 4889 1.73 -2.73 1    1.60    1.70        0.44                           0.07  0.51             -2.53               0.30 f   1.45 f 1
HE 1506-0113       15 09 14.3 -01 24 56.6 5016 2.01 -3.54 1    1.47    0.61  1.65  0.89 -0.53   0.50  0.19        0.53  0.44 -0.15 -0.32 -3.49  0.48  0.38  -0.85    -0.80   This Paper
CS 30306-132       15 14 18.9 +07 27 02.8 5047 2.16 -2.56 0    0.34                0.31 -0.45         0.37        0.34  0.45 -0.11 -0.34 -2.53 -0.03 -0.08   0.45     0.22 f 13
CS 30312-059       15 34 48.8 -01 23 37.3 4908 1.75 -3.22 0    0.27 < -0.48  0.35  0.28 -0.78         0.37 -0.01  0.29  0.33 -0.42 -0.83 -3.31  0.11 -0.02   0.14    -0.14   14
HD 140283          15 43 03.1 -10 56 01.0 5711 3.53 -2.56 0    0.28                0.07 -0.92   0.39  0.21  0.14  0.27  0.31 -0.19 -0.56 -2.53  0.17  0.23  -0.10    -0.94   6, 13
CS 30312-100       15 43 31.7 +02 01 17.4 5117 2.34 -2.66 0    0.54 <  1.85  0.25  0.28               0.30        0.34  0.35  0.22       -2.61                       -0.73   3
CS 22884-108       15 49 57.6 -09 14 09.2 6107 4.52 -3.30 0 <  0.92 <  1.22             -0.61   0.26  0.42  0.40        0.66 -0.20 -0.54 -3.18        0.01   0.37     0.15   14
BS 16084-160       16 28 50.8 +54 37 06.8 4727 1.27 -3.20 0   -0.12    0.78 -0.08  0.17 -0.81   0.87  0.24 -0.04  0.03  0.03 -0.44 -0.78 -3.24 -0.03 -0.11  -2.06    -2.06   14
CS 22872-102       16 29 20.7 -03 04 56.6 5911 3.60 -2.94 0    0.60 <  0.55  0.07  0.31 -0.62   0.44  0.47  0.04  0.49  0.31 -0.25 -0.63 -2.96  0.16  0.04  -0.10    -0.62   14
CS 22878-027       16 37 35.9 +10 22 07.8 6319 4.41 -2.51 1    0.86 <  1.06 -0.17 -0.11               0.07  0.02  0.39  0.30  0.02 -0.34 -2.52        0.09  -0.26   <-0.75 f 14
BS 16080-054       16 39 18.5 +60 57 42.6 4902 1.75 -2.94 0   -0.45    0.75  0.66  0.27 -0.11   0.67  0.38  0.20  0.25  0.49 -0.47 -0.53 -2.81 -0.05  0.03   0.57    -0.21   14
CS 22878-101       16 45 31.4 +08 14 45.5 4796 1.44 -3.31 0   -0.29    1.33  0.33  0.53 -0.73   0.56  0.34  0.27  0.36  0.40 -0.45 -0.92 -3.17  0.16 -0.16  -0.18    -0.64   6,  7
BS 16080-093       16 50 38.3 +59 13 06.5 4945 1.85 -3.23 0 < -0.63                0.40 -0.45   0.64  0.36  0.30  0.44  0.51 -0.36 -0.86 -3.04  0.19  0.04   0.11    -0.19   14
G 139-8            17 01 44.0 +16 09 03.6 6266 4.42 -2.03 0                       -0.26 -1.18   0.11  0.06  0.27  0.31  0.34 -0.16 -0.60 -2.17              -1.18    -0.82   6
BD +17 3248        17 28 14.5 +17 30 35.9 5240 2.72 -2.17 0   -0.37    0.65  0.66  0.01 -0.63         0.31  0.69  0.38  0.81 -0.23       -1.80 -0.04 -0.01   0.05 f   0.69 f 7
BD +23 3130        17 32 41.6 +23 44 11.7 5262 2.76 -2.52 0    0.11   -0.54  0.06  0.10 -0.90         0.24  0.07  0.17  0.25 -0.28 -0.68 -2.55  0.02 -0.10  -0.15    -0.56   14
CS 22891-209       19 42 02.2 -61 03 44.7 4699 1.18 -3.32 0   -0.65    1.12  0.68  0.33 -0.36         0.29  0.22  0.30  0.35 -0.41       -3.24  0.08  0.06   0.08 f  -0.55 f 7
CS 22896-154       19 42 26.9 -56 58 34.0 5100 2.28 -2.85 0    0.23   -0.23  0.38  0.28 -0.64         0.39  0.02  0.29  0.29 -0.21       -2.92  0.08 -0.11   0.54 f   0.51 f 7
HD 186478          19 45 14.1 -17 29 26.9 4629 1.07 -2.68 0   -0.28    0.62  0.40  0.41 -0.39         0.47  0.25  0.29  0.35 -0.29 -0.51 -2.70 -0.10 -0.22   0.16    -0.04 f 7, 13
CS 22873-055       19 53 49.8 -59 40 00.2 4551 0.82 -2.99 0   -0.73    1.07  0.94  0.44 -0.02         0.30  0.17  0.17  0.30 -0.34       -2.91 -0.01  0.10  -0.48 f  -0.45 f 7
BD -18 5550        19 58 49.7 -18 12 10.9 4558 0.81 -3.20 1   -0.02   -0.36  0.24  0.42 -0.33         0.41  0.13  0.16  0.19 -0.36       -3.22 -0.06  0.00  -1.01 f  -0.74 f 7
CS 22873-166       20 19 22.0 -61 30 14.9 4516 0.77 -2.74 1   -0.13    1.05  0.51  0.43 -0.18         0.19  0.38  0.06  0.39 -0.31       -2.89 -0.14  0.01   0.13 f  -0.70 f 7
CS 22885-096       20 20 51.2 -39 53 30.2 4992 1.93 -3.86 0    0.26    0.26  0.07  0.27 -0.73         0.41  0.25  0.39  0.20 -0.45       -3.95  0.44  0.04  -1.39 f  -1.10 f 7
CS 22950-046       20 21 28.4 -13 16 33.6 4769 1.37 -3.39 0                        0.36 -0.73   0.68  0.15  0.11  0.27  0.16 -0.55 -0.90 -3.50              -0.11    -1.23   6
HE 2020-5228       20 24 17.1 -52 19 02.3 6305 3.79 -2.93 0 <  1.66 <  2.30        0.22         0.10  0.44  0.25        0.25 -0.23       -2.81  0.69 -0.04  -0.20   <-0.33   This Paper
HE 2032-5633       20 36 24.9 -56 23 05.8 6457 3.78 -3.63 0 <  2.36 <  2.60  0.00  0.29 -0.51   0.33  0.61              0.39                               <-0.68   < 0.31   This Paper
HD 196944          20 40 46.1 -06 47 50.6 5255 2.74 -2.44 1    1.20    1.30       -0.02 -0.49         0.37        0.33  0.69  0.04 -0.37 -2.07  0.02         0.84 f   1.10 f 1
CS 30336-049       20 45 23.5 -28 42 35.9 4725 1.19 -4.10 0 <  0.23    0.97 -0.01  0.15 -0.77   0.43  0.22 -0.03  0.17  0.02 -0.48 -0.91 -4.10  0.38  0.10  -1.63   <-1.55   This Paper
CS 22880-086       20 45 47.5 -18 33 32.4 5196 2.54 -3.05 0    0.24                0.28 -0.84         0.35        0.27  0.32 -0.32 -0.51 -3.00  0.33  0.16   0.07    -0.85   14
CS 22880-074       20 46 03.2 -20 59 14.2 5621 3.50 -2.29 1    1.30   -0.10       -0.10 -1.00                     0.14       -0.19       -2.23               0.39 f   1.31 f 1
SDSS 2047+00       20 47 28.8 +00 15 53.8 6383 4.36 -2.36 1    2.00                0.20               0.43              0.45 -0.02       -2.38        0.17   1.03     1.70   4
HE 2047-5612       20 51 22.1 -56 00 52.9 6128 3.68 -3.14 0 <  1.37 <  1.91 -0.26 -0.02 -0.89   0.05  0.16  0.18        0.24  0.02 -0.61 -3.13        0.28 <-1.36   <-0.39   This Paper
CS 22897-008       21 03 11.9 -65 05 08.8 4795 1.43 -3.50 1    0.56    0.24 -0.01  0.34 -0.70         0.26 -0.04  0.29  0.19 -0.37       -3.51  0.29  0.14   0.44 f  -1.00 f 7
CS 29498-043       21 03 52.1 -29 42 50.2 4639 1.00 -3.49 1    1.90    2.30        1.52               0.00        0.11  0.12 -0.23       -3.60              -0.35 f  -0.45 f 1
CS 29506-007       21 20 28.7 -20 46 22.9 6522 3.94 -2.73 0    0.49 <  0.93        0.25 -0.76   0.14  0.44  0.25  0.81  0.52  0.05 -0.60 -2.78  0.40  0.19   0.13     0.09   5, 14
CS 29506-090       21 30 28.9 -22 10 41.4 6603 4.18 -2.62 0    0.41                0.24         0.19  0.38  0.31  0.72  0.47 -0.12       -2.70  0.32  0.05   0.27    -0.35 f 5
HE 2133-1426       21 36 07.2 -14 12 35.4 6350 4.40 -2.89 0                        0.28 -0.61         0.33  0.26  0.60  0.40 -0.10 -0.47 -2.81              -0.14    -0.42   6
CS 29495-041       21 36 33.3 -28 18 48.6 4740 1.34 -2.74 0   -0.07    0.40  0.43  0.31 -0.47         0.32  0.33  0.19  0.37 -0.26       -2.80 -0.22  0.04  -0.15 f  -0.65 f 7
CS 22948-027       21 37 45.8 -39 27 22.3 5011 2.06 -2.45 1    2.12    2.43  0.71  0.20               0.68        0.91  0.44 -0.03       -2.36                        2.45   3
HE 2135-1924       21 38 04.7 -19 11 04.4 6449 4.37 -3.31 0 <  1.74         -0.04 -0.05 -0.80  -0.04  0.74  0.06        0.21 -0.37 -0.41        0.94  0.06  -0.66   < 0.00   This Paper
HE 2136-6030       21 40 39.5 -60 16 26.4 6409 3.85 -2.88 0 <  1.71         -0.39  0.08 -0.64   1.21  0.51              0.40 -0.19       -2.64               0.04     0.02   This Paper
BS 17583-100       21 42 27.8 +26 40 35.5 5950 3.66 -2.53 0    0.53                0.08 -0.88         0.28        0.48  0.33 -0.21 -0.61 -2.62  0.26  0.13   0.34    -0.33 f 13
HE 2139-5432       21 42 42.4 -54 18 42.9 5416 3.04 -4.02 1    2.59    2.08  2.15  1.61  0.36   1.00                    0.31  0.34       -3.52  0.62  0.17  -0.55   <-0.33   This Paper
HE 2141-0726       21 44 06.6 -07 12 48.9 6551 4.26 -2.72 0 <  1.55         -0.36  0.06 -0.87  -0.05  0.16  0.07        0.25 -0.08 -0.54 -2.53        0.17  -0.57   <-0.37   This Paper
CS 22948-066       21 44 51.2 -37 27 55.0 5077 2.20 -3.20 0    0.00    1.22  0.32  0.23 -0.76         0.28  0.51  0.34  0.46 -0.28       -2.96  0.32  0.22  -0.46 f  -0.94 f 7
HE 2142-5656       21 46 20.4 -56 42 19.1 4939 1.85 -2.87 1    0.95    0.54  0.81  0.33 -0.62   0.35  0.30        0.31  0.18 -0.19 -0.63 -2.82  0.18 -0.29  -0.19    -0.63   This Paper
CS 22944-032       21 47 43.2 -13 40 22.8 5293 2.82 -2.98 0    0.31 < -0.44        0.34 -0.77         0.35  0.10  0.36  0.31 -0.33 -0.62 -3.01  0.29  0.17  -0.13    -0.76   14
CS 22948-093       21 50 31.5 -41 07 49.3 6609 4.23 -3.17 0                                     0.51  0.39  0.13  0.87  0.22 -0.08       -3.13  0.77  0.30  -0.09            5
CS 22956-050       21 58 05.8 -65 13 27.1 4844 1.56 -3.39 0    0.27    0.31        0.36 -0.61         0.45  0.00  0.40  0.32 -0.39       -3.37  0.24  0.01  -0.42 f  -0.78 f 7
HE 2158-0348       22 00 40.0 -03 34 12.2 5150 2.44 -2.57 1    1.87    1.52        0.56  0.09         0.96        0.40  1.03 -0.63  0.19 -2.72 -0.13         0.64     1.75   10
BS 17569-049       22 04 58.4 +04 01 32.1 4645 1.09 -2.84 0   -0.12    0.86  0.59  0.19 -0.31         0.32  0.28  0.24  0.38 -0.20       -2.85 -0.12  0.08   0.31 f   0.20 f 7
HE 2202-4831       22 06 05.8 -48 16 53.0 5331 2.95 -2.78 1    2.41          1.44  0.12               0.17        0.21  0.46  0.08       -2.55  0.21 -0.07  -0.85    -1.28   This Paper
CS 22965-054       22 06 30.3 -02 32 34.4 6137 3.68 -3.10 0    0.62                0.36 -0.52   0.08  0.38  0.16  0.52  0.31 -0.22 -0.33 -2.95  0.26 -0.02   0.27   <-0.48 f 5, 14
HE 2209-1240       22 11 48.8 -12 25 45.4 6319 3.84 -2.59 0                        0.45 -0.35   0.26  0.34  0.08        0.37 -0.11 -0.49 -2.63  0.37  0.16   0.06    -0.13   9
CS 22892-052       22 17 01.7 -16 39 27.1 4825 1.54 -3.03 1    0.90    0.51  0.24  0.25 -0.52         0.21  0.27  0.15  0.22 -0.38 -0.44 -3.05 -0.03 -0.11   0.68     1.01 f 7, 13
CS 22886-042       22 20 25.8 -10 23 20.2 4798 1.48 -2.83 0    0.12 <  2.03  0.31  0.26               0.32        0.25  0.23 -0.19       -2.79                       -0.32   3
CS 29502-042       22 21 48.8 +02 28 44.9 5039 2.09 -3.27 0    0.16   -0.43 -0.33  0.31 -0.76         0.23  0.18  0.30  0.20 -0.40       -3.33  0.22 -0.05  -1.98 f  -1.69 f 7
CS 29502-092       22 22 36.0 -01 38 27.5 5074 2.21 -2.99 1    0.96    0.81        0.28 -0.68         0.24  0.30  0.20  0.28 -0.26 -0.48 -2.99  0.23  0.16  -0.15    -1.20   14
HE 2221-0453       22 24 25.6 -04 38 02.2 4430 0.73 -2.00 1    1.83    0.84                           0.74        0.44  0.34             -2.00                        1.76   3
CS 29516-024       22 26 15.4 +02 51 46.3 4637 1.04 -3.05 0   -0.06   -0.76  0.57  0.56 -0.44         0.50  0.21  0.30  0.31 -0.26       -3.12 -0.05 -0.09  -0.59 f  -0.90 f 7
HE 2228-0706       22 31 24.5 -06 50 51.2 5003 2.02 -2.78 1    2.32    1.13        0.88               0.66        0.87  0.27  0.19       -2.75                        2.46   3
HE 2232-0603       22 34 47.4 -05 48 17.3 6085 3.85 -1.46 1    1.22    0.47        0.33 -0.30         0.39        0.39  0.35 -0.22 -0.62 -1.94 -0.04 -0.33   0.59     1.50   10
CS 29491-053       22 36 56.3 -28 31 06.5 4700 1.21 -3.03 0   -0.27    0.82  0.45  0.46 -0.32         0.37  0.23  0.28  0.36 -0.39       -3.01  0.02 -0.02  -0.24 f  -0.89 f 7
HE 2246-2410       22 48 59.6 -23 54 39.0 6431 4.36 -2.96 0 <  1.39 <  2.28  1.42  0.13 -0.83   0.02  0.40  0.27        0.32 -0.27 -0.35 -2.87        0.10  -0.40   <-0.30   This Paper
HE 2247-7400       22 51 19.4 -73 44 23.6 4829 1.56 -2.87 1    0.70          0.82  0.33         0.80  0.43        0.34  0.13 -0.11       -2.66        0.53 <-0.15    -0.94   This Paper
CD -24 17504       23 07 20.2 -23 52 35.6 6236 3.70 -3.38 0                        0.16 -0.61   0.13  0.28  0.26        0.28 -0.07 -0.22 -3.45  0.52  0.31 <-1.61 f <-0.59 f 15
CS 22888-031       23 11 32.5 -35 26 42.9 6241 4.47 -3.31 0    0.38                0.34         0.36  0.44  0.42  0.78  0.62 -0.05       -3.28  0.53  0.20  -0.14            5
CS 30338-089       23 15 50.0 +10 19 26.2 4886 1.72 -2.78 1    2.06    1.27  0.61  0.19               0.60        0.40  0.66  0.11       -2.76                        2.30   3
HE 2323-0256       23 26 29.8 -02 39 57.9 4958 1.84 -3.97 1    1.06    2.16  2.10  1.38  0.02         0.39  0.29  0.45  0.45 -0.37 -0.87 -3.86  0.37 -0.10   0.55    -0.52   7, 11
HE 2330-0555       23 32 54.8 -05 38 50.6 4867 1.65 -2.98 1    2.09    1.00  0.81  0.34               0.45        0.35  0.29 -0.03       -3.01                        1.17   3
CS 22966-011       23 35 07.0 -30 22 54.4 6298 4.43 -3.02 0    0.45                0.21         0.13  0.49  0.47  0.72  0.73 -0.01       -3.12  0.55  0.20   0.67    -0.05 f 5
CS 22952-015       23 37 28.7 -05 47 56.6 4824 1.50 -3.44 0   -0.41    1.31       -0.13 -0.48         0.24 -0.01  0.20  0.14 -0.45 -0.59 -3.33  0.11 -0.08  -0.52    -1.33 f 7, 13
HE 2341-2029       23 44 19.6 -20 13 19.8 6507 4.29 -2.60 0                        0.31 -0.72   0.33  0.39  0.38  0.72  0.49 -0.14 -0.55 -2.48  0.58 -0.08   0.00    -0.43   9
CS 29522-046       23 44 59.9 +08 46 52.9 5974 3.72 -2.12 0    0.42   -0.33        0.24               0.40  0.02  0.36  0.33 -0.14 -0.63 -2.22  0.00  0.01   0.33    -0.13   14
HE 2344-2800       23 46 44.4 -27 44 10.7 6624 4.11 -2.65 0                        0.04 -0.73         0.21  0.04  0.76  0.68  0.27  0.12 -2.67              -0.08    -0.37   6
CS 22966-057       23 48 57.8 -29 39 22.9 5364 3.07 -2.43 0    0.06    0.10  0.61 -0.02 -0.72         0.22  0.27  0.28  0.43 -0.05       -2.50  0.14  0.24  -0.10 f  -0.24 f 7
CS 29499-060       23 53 40.3 -26 58 44.0 6595 4.05 -2.50 0    0.38               -0.01         0.05 -0.06        0.33                   -2.66  0.19 -0.21  -0.63            5
HE 2356-0410       23 59 13.1 -03 53 48.2 5170 2.45 -3.19 1    2.27    1.75        0.30 -0.10         0.45        0.40  0.52 -0.17 -0.10 -3.01  0.22        -0.86    -0.80   1, 10
