Fe I  5001.864 3.88   0.010   51.9     49.9     52.6
Fe I  5006.120 2.83  -0.615   83.5     84.1     75.8                       70.8
Fe I  5012.070 0.86  -2.642  122.4    117.0    121.3    138.0    184.5    134.1
Fe I  5014.940 3.94  -0.300   35.3     38.2     42.2
Fe I  5022.240 3.98  -0.530   35.0     36.7
Fe I  5028.130 3.57  -1.120   46.2     40.1
Fe I  5041.072 0.96  -3.086  103.3              91.2
Fe I  5041.756 1.49  -2.203            96.7     99.5
Fe I  5049.820 2.28  -1.355   86.4              58.4
Fe I  5051.635 0.92  -2.764   93.3     79.3    107.7
Fe I  5060.080 0.00  -5.460            49.5
Fe I  5068.766 2.94  -1.041   69.4     53.2
Fe I  5074.750 4.22  -0.200   31.1
Fe I  5079.220 2.20  -2.067   72.7     55.5     47.0
Fe I  5079.750 0.99  -3.245   88.3     83.0     69.5
Fe I  5083.350 0.96  -2.842   94.4     84.5     76.4             154.1     80.3
Fe I  5098.700 2.18  -2.030   64.6     57.8     52.0             123.6
Fe I  5110.413 0.00  -3.758            86.0
Fe I  5123.720 1.01  -3.058   90.4     87.8     75.3
Fe I  5127.359 0.92  -3.249   86.0     96.8     75.3             185.9
Fe I  5131.470 2.22  -2.510   37.1     32.4     36.2
Fe I  5133.690 4.18   0.140            31.5     44.2
Fe I  5137.380 4.18  -0.400   37.6
Fe I  5141.740 2.42  -1.964            37.1     34.4
Fe I  5142.930 0.96  -3.080   95.3     91.9     85.8             190.2     87.4
Fe I  5150.850 0.99  -3.037   76.9     69.9     64.4     82.1              52.4
Fe I  5151.920 1.01  -3.321   75.1     66.5     55.0     90.0
Fe I  5162.290 4.18   0.020   36.0     35.8     30.2
Fe I  5166.280 0.00  -4.123  104.3     91.0     78.1    107.4    158.1     78.0
Fe I  5171.610 1.48  -1.721   97.6     91.4     84.6    111.1    165.7    131.1
Fe I  5191.455 3.04  -0.551            61.1     46.2
Fe I  5192.340 3.00  -0.421   61.5     70.6     57.3
Fe I  5194.942 1.56  -2.021   71.3     77.9     65.8     73.9    111.7
Fe I  5198.710 2.22  -2.135   32.4                       41.1              44.7
Fe I  5202.340 2.18  -1.838   77.1     71.5     69.1     41.2    133.5     74.8
Fe I  5204.580 0.09  -4.332                                      188.4
Fe I  5215.190 3.27  -0.930   56.3     32.0                       74.5     51.8
Fe I  5216.280 1.61  -2.082   69.4     89.5     60.7    135.1    143.4
Fe I  5217.390 3.21  -1.160   31.2     56.3
Fe I  5225.526 0.11  -4.755   53.5     46.0     42.9                       73.0
Fe I  5227.190 1.56  -1.227  150.8    143.1    122.5    132.3
Fe I  5232.950 2.94  -0.057   96.3    105.7     97.8    111.0    150.7     70.1
Fe I  5247.050 0.09  -4.946   63.0     58.2                       49.2
Fe I  5250.210 0.12  -4.898            44.4                      107.7     59.0
Fe I  5250.650 2.20  -2.180   55.8     37.3     35.8
Fe I  5254.955 0.11  -4.764   53.9     47.1     39.0
Fe I  5269.537 0.86  -1.333                             153.4             146.2
Fe I  5281.790 3.04  -0.833   63.3     64.2     51.7     52.6
Fe I  5283.621 3.24  -0.524   72.1     71.1     58.6              94.4
Fe I  5302.302 3.28  -0.880   59.1     50.5     50.9                       60.8
Fe I  5307.370 1.61  -2.912   49.7     52.9     53.2     55.8
Fe I  5324.190 3.21  -0.100   84.5     79.5     75.7     85.2    119.7
Fe I  5328.039 0.92  -1.465  155.9    170.4    147.6    167.6             162.6
Fe I  5328.530 1.56  -1.850  111.3                      101.0              84.4
Fe I  5332.900 1.56  -2.780   49.4     49.6     49.4     50.8     93.8
Fe I  5339.930 3.27  -0.720   39.0     47.8     41.4
Fe I  5364.860 4.45   0.228                     30.4
Fe I  5367.480 4.42   0.443   42.9     37.2     36.2
Fe I  5369.960 4.37   0.536   43.1     46.8     39.7
Fe I  5371.500 0.96  -1.644  156.6    152.1    154.6    186.2             184.0
Fe I  5383.370 4.31   0.645   53.4     67.3     48.8
Fe I  5393.170 3.24  -0.920   59.3     52.7     32.0
Fe I  5397.128 0.91  -1.982  142.2    136.5    147.7    173.2    160.7    147.6
Fe I  5405.775 0.99  -1.852  144.3    147.0    138.7    164.6    182.1    132.1
Fe I  5415.199 4.39   0.643   41.7     52.3     39.0
Fe I  5424.070 4.32   0.520   48.2     43.6              69.0     98.1
Fe I  5429.697 0.96  -1.881           113.7             176.8             106.8
Fe I  5434.524 1.01  -2.126                             110.2             134.8
Fe I  5446.917 0.99  -1.914  152.5    153.1    136.3    199.3             149.5
Fe I  5455.609 1.01  -2.091           167.3    155.7    149.2    200.3    114.9
Fe I  5497.516 1.01  -2.825  101.9    101.2     89.1     90.3    156.2     86.6
Fe I  5501.465 0.96  -3.046  102.0    104.2     90.8    121.2    137.2     95.2
Fe I  5506.790 0.99  -2.789   98.5     97.0     87.7    103.1    193.1
Fe I  5569.618 3.42  -0.540   59.9     48.5     41.3              89.9     51.4
Fe I  5572.842 3.40  -0.310   86.4     75.5     73.6
Fe I  5576.089 3.43  -1.000   43.3     34.1
Fe I  5586.756 3.37  -0.144   68.5     74.1     66.4             109.4     50.1
Fe I  5615.660 3.33   0.050   74.8              72.0     56.0    100.7     59.4
Fe I  5624.540 3.42  -0.755   47.0     55.9     43.9             118.6
Fe I  5658.820 3.40  -0.793   35.2     42.5     34.8              61.2
Fe I  5701.543 2.56  -2.143                                       63.7
Fe I  5956.693 0.86  -4.498                                       60.6
Fe I  6027.048 4.07  -1.089                                       45.2
Fe I  6056.010 4.73  -0.450                                       41.8
Fe I  6065.481 2.61  -1.410   71.7     67.0     62.7
Fe I  6136.615 2.45  -1.410   89.7     85.6     77.3     60.3    142.7     65.7
Fe I  6137.691 2.59  -1.346   72.4     75.1     65.1     61.2    102.2     46.0
Fe I  6191.558 2.43  -1.416   85.5     94.6     91.5     56.0    143.8     58.9
Fe I  6200.312 2.61  -2.373                                       58.6
Fe I  6213.430 2.22  -2.481   37.2     36.7     37.6
Fe I  6219.280 2.20  -2.448   48.5     39.6     45.0              87.7
Fe I  6230.740 2.56  -1.276   92.9     87.7     87.1             103.2
Fe I  6246.320 3.60  -0.733   35.5                                59.2
Fe I  6252.555 2.40  -1.767   80.1     83.5     65.9              96.1     53.1
Fe I  6254.260 2.28  -2.443   44.8     47.8     36.1              86.1
Fe I  6265.134 2.18  -2.540   41.9     45.0                       92.4
Fe I  6297.792 2.22  -2.640   51.8     57.0     49.2     52.7
Fe I  6301.500 3.65  -0.720   48.3     48.2
Fe I  6335.330 2.20  -2.177   55.0     66.8     57.3             104.3
Fe I  6336.820 3.69  -1.050   32.7     35.9                       60.6
Fe I  6355.029 2.84  -2.291                                       66.9
Fe I  6393.610 2.43  -1.576   90.1     75.6     87.6             125.9     74.1
Fe I  6400.000 3.60  -0.290   63.5     76.5     57.1             123.2
Fe I  6408.030 3.69  -1.000                                       43.2
Fe I  6411.649 3.65  -0.717   38.5     44.1     35.0              56.4
Fe I  6421.350 2.28  -2.014   75.0     67.8     65.5     73.7    125.0     63.7
Fe I  6430.846 2.18  -1.946   85.3     75.5     76.1             142.9     58.1
Fe I  6481.869 2.27  -3.010   32.5     33.1     30.4
Fe I  6494.980 2.40  -1.239   98.4    101.3     91.1     72.0    124.7     89.7
Fe I  6592.910 2.73  -1.470   55.9     64.7     43.6     58.5
Fe I  6677.990 2.69  -1.420   82.1     80.9     83.6     61.4     88.7     54.0
Fe I  6750.150 2.42  -2.621   30.5
Fe II 4178.860 2.57  -2.530   64.0     69.6     52.1              99.2     71.6
Fe II 4233.170 2.57  -2.000   79.0              76.4    100.5    127.0    101.0
Fe II 4416.830 2.78  -2.610   62.8     60.8     62.4     49.5
Fe II 4489.180 2.83  -2.970   39.0     43.5     36.6
Fe II 4491.400 2.86  -2.690   45.1     44.3     45.8
Fe II 4508.290 2.86  -2.220   70.7     71.5     63.7              95.7
Fe II 4515.340 2.84  -2.480   68.6              62.6              65.5
Fe II 4520.220 2.81  -2.610   63.5     61.5     51.6                       40.0
Fe II 4541.520 2.86  -3.050   40.2     39.8     39.5
Fe II 4555.890 2.83  -2.280   56.5     66.1                       78.4
Fe II 4576.340 2.84  -3.040   38.9     41.1     41.1
Fe II 4582.840 2.84  -3.090            36.1     37.7              50.7     49.1
Fe II 4583.830 2.81  -2.020   89.5    100.7              92.4
Fe II 4629.340 2.81  -2.380   70.3     64.8     60.5     47.8     98.4     50.5
Fe II 4731.450 2.89  -3.370   33.1              34.3              50.6
Fe II 4923.920 2.89  -1.320   92.9    112.4    103.0    117.4    164.3
Fe II 5018.430 2.89  -1.220  116.1    117.3    119.0    131.0    131.1     89.7
Fe II 5197.570 3.23  -2.100            45.7              51.5
Fe II 5234.630 3.22  -2.118   57.2     53.8     48.8
Fe II 5276.000 3.20  -1.950            43.2                       43.5
Fe II 5284.100 2.89  -3.190   34.2
Fe II 5534.850 3.24  -2.920   30.9     34.7     41.2
Fe II 6516.080 2.89  -3.450            31.9
O I   6300.310 0.00  -9.750 < 30.0   < 30.0   < 30.0   < 40.0   < 40.0   < 40.0
Na I  5688.210 2.10  -0.370            32.  S
Na I  5889.970 0.00   0.110  231.  S  227.  S  194.  S  110.  S  240.  S  170.  S
Na I  5895.924 0.00  -0.190  200.  S  198.  S  158.  S  134.  S  245.  S  172.  S
Mg I  3829.355 2.71  -0.210  180.  S  160.  S  169.  S
Mg I  3832.304 2.71   0.150  187.  S  173.  S  200.  S
Mg I  5172.700 2.71  -0.380  190.  S  167.  S  185.  S                    200.  S
Mg I  5528.410 4.34  -0.480   55.0     40.8     39.9     83.0     74.4     55.0
Si I  5684.520 4.93  -1.650                            < 40.0   < 40.0   < 40.0
Si I  6155.140 5.62  -0.800 < 30.0   < 30.0   < 30.0   < 40.0   < 40.0   < 40.0
Ca I  4318.660 1.90  -0.210   78.1     79.2     75.9
Ca I  4425.440 1.88  -0.360   78.1     73.8     79.2              55.8
Ca I  4435.680 1.89  -0.520   82.3     75.3     87.4              71.0
Ca I  4454.790 1.90   0.260  109.7    105.9    108.4             116.0
Ca I  4455.890 1.90  -0.530   68.2     62.6     61.6             105.3
Ca I  5588.749 2.52   0.210   70.0     68.6     61.6              62.3     44.4
Ca I  5594.470 2.52   0.097   56.0     60.8     49.6              85.3
Ca I  5598.490 2.52  -0.087   45.0     45.9     40.4              75.5     47.7
Ca I  5857.451 2.93   0.230   43.6     52.9     34.8
Ca I  6102.730 1.88  -0.790   69.0     49.4     57.7                       40.0
Ca I  6122.230 1.89  -0.320   93.5     95.4     85.3     40.0              40.0
Ca I  6162.173 1.90  -0.090  101.1    116.2     97.4     52.7              54.6
Ca I  6169.560 2.52  -0.480   44.1     33.7
Ca I  6439.080 2.52   0.390   91.3     89.1     76.2     65.1     88.7     49.6
Ca I  6449.810 2.52  -0.502            34.5     45.7              58.0
Ca I  6471.670 2.52  -0.760   33.4
Ca I  6493.790 2.52  -0.320   61.4     54.6     53.1
Ca I  6717.681 2.71  -0.610   36.3
Sc II 4246.822 0.32   0.240  148.4    140.0    140.2             130.3
Sc II 4314.083 0.62  -0.100  132.9    132.4    123.2    120.4    186.1
Sc II 4320.730 0.60  -0.260                              78.0
Sc II 4325.000 0.60  -0.440  113.3     77.6    104.8              93.1     87.6
Sc II 4400.389 0.61  -0.540  104.7    107.9     94.6     85.6    100.1     88.5
Sc II 4415.560 0.60  -0.640   89.7     93.4     87.8              79.1     66.2
Sc II 4670.410 1.36  -0.580   47.1     49.8     46.6                       60.1
Sc II 5031.021 1.36  -0.400   66.8     67.7     62.3
Sc II 5239.810 1.46  -0.770   44.2     36.3     33.1
Sc II 5526.790 1.77   0.030            31.3              54.1
Sc II 5657.910 1.51  -0.600   54.9     55.4     50.0     52.1     67.8
Sc II 5667.160 1.50  -1.310                                       65.2
Sc II 5684.210 1.51  -1.070   39.4
Sc II 6604.580 1.36  -1.310                                       56.1
Ti I  3904.780 0.90   0.030            33.9
Ti I  3924.530 0.02  -0.881            34.6
Ti I  3958.220 0.05  -0.160            80.9     89.2
Ti I  3989.760 0.02  -0.142   73.0     75.1     90.1     92.2
Ti I  3998.640 0.05  -0.050   66.4
Ti I  4008.930 0.02  -1.016            61.2     51.8
Ti I  4512.730 0.84  -0.424   35.3              31.3
Ti I  4533.250 0.85   0.480   83.3     70.9     66.4              51.7
Ti I  4534.780 0.84   0.280   70.5     62.0     57.9                       40.0
Ti I  4535.570 0.83   0.120   60.8     59.4     59.3                       40.7
Ti I  4544.690 0.82  -0.520   35.8                                56.9
Ti I  4548.760 0.83  -0.298   38.9     40.8
Ti I  4681.910 0.05  -1.015   54.0     47.4     49.5             108.6
Ti I  4840.870 0.90  -0.450   30.1                       46.9
Ti I  4981.731 0.84   0.500   77.6     70.5     69.1             101.3
Ti I  4991.065 0.84   0.380   78.4     77.4     88.6
Ti I  4999.503 0.83   0.250   61.6     60.2     38.2     84.4     66.0
Ti I  5007.210 0.82   0.168   79.9     76.0     95.6             114.3
Ti I  5016.160 0.85  -0.510            35.5
Ti I  5020.020 0.84  -0.358   50.2              34.4
Ti I  5024.840 0.82  -0.546   37.8
Ti I  5035.900 1.46   0.260   35.0     32.4     39.6
Ti I  5036.460 1.44   0.186   32.4     33.9     45.0
Ti I  5038.400 1.43   0.069                     30.3
Ti I  5039.957 0.02  -1.130   50.9     49.3     45.9             119.2
Ti I  5064.650 0.05  -0.930   49.7     46.4     44.1
Ti I  5173.743 0.00  -1.120   52.7     41.0     30.4              85.4
Ti I  5192.969 0.02  -1.010   31.3
Ti I  5210.390 0.05  -0.580   45.4     81.5     39.1    133.4              72.1
Ti II 3813.390 0.61  -2.020   93.6     68.4     98.2
Ti II 3882.290 1.12  -1.710            79.5
Ti II 3900.540 1.13  -0.450                    110.7
Ti II 3913.468 1.12  -0.530  167.2             143.7
Ti II 3987.610 0.61  -2.730   58.1     48.8     53.0
Ti II 4012.385 0.57  -1.610  111.5    105.6    108.7
Ti II 4025.120 0.61  -1.980   85.7     90.2     86.5
Ti II 4028.343 1.89  -1.000   55.0     63.8     70.8
Ti II 4053.830 1.89  -1.210   54.7     53.3              77.5
Ti II 4161.530 1.08  -2.160   40.8     71.1     64.3
Ti II 4163.630 2.59  -0.400   59.8     65.9     55.8
Ti II 4184.310 1.08  -2.510            41.6                       85.3
Ti II 4290.219 1.16  -1.120  126.6    124.0    123.1    108.5    123.8    106.4
Ti II 4300.049 1.18  -0.770  149.8    134.9    135.4             102.4
Ti II 4301.930 1.16  -1.200            73.2     76.0     88.0     93.1    114.7
Ti II 4312.860 1.18  -1.160  140.2    125.9              90.6    159.6
Ti II 4330.720 1.18  -2.060   73.6     58.7     55.0     41.9     90.1     60.9
Ti II 4337.880 1.08  -1.130  128.7    122.7    118.1    100.3             110.0
Ti II 4395.850 1.24  -2.170   73.2     72.5     62.4     42.5     90.8
Ti II 4399.770 1.24  -1.290  124.1    114.0    106.9    107.2     94.0
Ti II 4407.680 1.22  -2.470   81.2     78.3     74.0     77.2
Ti II 4417.719 1.16  -1.430  114.1    110.1    109.5             115.0
Ti II 4418.330 1.24  -2.450   66.8     63.2     61.5     51.5     69.4     66.6
Ti II 4441.730 1.18  -2.410   49.1     43.5              40.0     55.7
Ti II 4443.794 1.08  -0.710  122.1    104.6    100.8    138.0    158.0    107.7
Ti II 4444.560 1.12  -2.030   72.5     68.4     61.2              48.2
Ti II 4450.482 1.08  -1.450  103.3    103.2     98.2     92.3    128.0     61.5
Ti II 4464.450 1.16  -2.080   91.2     72.0     80.0     58.1              55.2
Ti II 4468.507 1.13  -0.620  121.8    131.6    128.0    131.3             113.3
Ti II 4469.140 1.08  -2.870   64.1
Ti II 4470.860 1.16  -2.280   75.4     71.1     65.6              58.9     38.7
Ti II 4493.510 1.08  -2.740   36.8     31.5     39.8
Ti II 4501.273 1.12  -0.750  140.0    140.4    136.3    108.9    150.4    124.5
Ti II 4518.330 1.08  -2.560   61.7     55.1     56.6              39.1     58.0
Ti II 4529.470 1.57  -2.040   56.3     55.9     56.9              56.6
Ti II 4533.969 1.24  -0.770  150.8    146.0    138.4    118.8    178.0     88.2
Ti II 4544.030 1.24  -2.410   44.5     38.3
Ti II 4545.140 1.13  -1.810            51.2     45.7
Ti II 4563.761 1.22  -0.960  132.3    135.5    123.6    131.9    171.2    110.6
Ti II 4568.310 1.22  -2.650            31.6
Ti II 4571.968 1.57  -0.520  139.5    141.2    127.5    140.7    148.8    100.3
Ti II 4583.410 1.17  -2.870   30.6
Ti II 4589.960 1.24  -1.780   84.4     89.0     83.2     75.6     94.5
Ti II 4657.210 1.24  -2.320   58.3     57.2     52.2              67.8
Ti II 4708.670 1.24  -2.210   47.9     51.9     37.1     58.4     62.8
Ti II 4763.880 1.22  -2.450   55.6     47.4     48.0              74.9
Ti II 4779.990 2.05  -1.370   62.6     50.2     50.2              77.5     49.7
Ti II 4798.530 1.08  -2.670   38.0     32.0     44.9              65.0
Ti II 4805.090 2.06  -1.120   69.9              64.4     59.4     69.3     40.0
Ti II 4865.612 1.12  -2.590   52.4              45.6                       52.4
Ti II 4911.180 3.12  -0.340                                       68.4
Ti II 5129.160 1.89  -1.390   60.8     59.0     65.8
Ti II 5154.070 1.57  -1.520   55.9     54.4
Ti II 5185.913 1.89  -1.350   36.2
Ti II 5188.680 1.58  -1.220                     44.3    123.4
Ti II 5226.550 1.57  -1.000  108.7     85.9     83.9
Ti II 5336.771 1.58  -1.700   52.8     51.8     53.2     86.3              50.8
Ti II 5381.010 1.57  -1.780   47.0     53.0     48.0
Ti II 5418.770 1.58  -2.110   35.5     31.1                       47.8     51.3
Ti II 6559.588 2.05  -2.019   34.8     33.7
V I   4111.770 0.30   0.408   41.9     36.3     38.8
V I   4379.230 0.55   0.301   43.0     49.2     36.3     61.0     43.3
Cr I  4254.332 0.00  -0.110           109.0             125.0             124.7
Cr I  4274.796 0.00  -0.230  120.4    118.4    111.6    102.0
Cr I  4289.720 0.00  -0.360  125.0    125.2    117.6     97.0             100.5
Cr I  4496.840 0.94  -1.150   47.3     68.4     48.5              54.4
Cr I  4600.750 1.00  -1.260   33.2     29.9
Cr I  4616.140 0.98  -1.190   44.9     36.1     37.3              71.4     48.5
Cr I  4626.190 0.97  -1.320   37.1     35.9     31.7              44.1
Cr I  4646.170 1.03  -0.700   68.6     51.1
Cr I  4652.160 1.00  -1.030   62.4     43.4     43.3              69.2
Cr I  5206.040 0.94   0.019  110.3    103.6     93.8             168.1     95.7
Cr I  5208.419 0.94   0.160  135.3    142.0    126.3
Cr I  5345.801 1.00  -0.980   40.6                                59.9
Cr I  5409.800 1.03  -0.720   74.2     55.5     56.6     53.6     71.9
Mn I  4030.753 0.00  -0.480  139.9    135.6    151.7
Mn I  4033.062 0.00  -0.620  128.6     96.5    114.9    118.3    125.6    143.7
Mn I  4034.483 0.00  -0.810  118.2    106.0    108.6    102.6    124.2     94.4
Mn I  4041.360 2.11   0.285   47.3     52.1                       59.0
Mn I  4754.040 2.28  -0.090   33.3     30.0
Mn I  4783.430 2.30   0.042   33.7     35.6     30.7
Mn I  4823.524 2.32   0.140   46.6     39.5
Co I  3842.050 0.92  -0.770   63.8     57.6     70.9
Co I  3845.470 0.92   0.010   80.9     85.8
Co I  3873.120 0.43  -0.660           115.3    128.9
Co I  3881.870 0.58  -1.130   77.8     73.1     75.8
Co I  3995.302 0.92  -0.220   76.8                                         65.2
Co I  4020.900 0.43  -2.070            37.0     49.0
Co I  4110.530 1.05  -1.080   64.5     53.7     49.8
Co I  4118.767 1.05  -0.490                    109.2
Co I  4121.311 0.92  -0.320  101.2     88.9     98.5                      101.1
Co I  5483.34  1.71  -1.488                            < 40.0   < 40.0   < 40.0
Ni I  3807.138 0.42  -1.180           114.4     95.7
Ni I  4401.550 3.19   0.084   56.9     58.8     50.8                       54.5
Ni I  4714.420 3.38   0.230   44.1     44.0     44.0     54.9     52.5     43.4
Ni I  5035.370 3.63   0.290   33.8              38.6
Ni I  5080.520 3.65   0.130            49.2
Ni I  5084.080 3.68   0.030   30.4                                55.0
Ni I  5137.070 1.68  -1.990   43.3     74.6     53.5
Ni I  5476.920 1.83  -0.890   89.4     98.2     75.0             177.0     95.8
Ni I  5578.730 1.68  -2.670                                       59.9
Ni I  6327.600 1.68  -3.090                                       53.2
Ni I  6643.640 1.68  -2.300   39.1     43.0                       56.5
Ni I  6767.780 1.83  -2.170   37.3     45.9     35.0              68.7
Cu I  5105.500 1.39  -1.505 < 30.0   < 30.0   < 30.0   < 40.0   < 40.0   < 40.0
Zn I  4722.153 4.03  -0.338   28.7     25.1
Zn I  4810.540 4.08  -0.170   36.8     36.9     28.5   < 40.0   < 40.0   < 40.0
Sr II 4077.710 0.00   0.170  162.1    151.1    155.5          S        S        S
Sr II 4215.520 0.00  -0.140  162.6    144.2    138.0          S        S   84.  S
Y II  3950.360 0.10  -0.490            43.1     46.5
Y II  4883.690 1.08   0.070   38.4     32.0     30.4   < 40.0   < 40.0   < 40.0
Zr II 4208.980 0.71  -0.460   41.0     29.9     25.7   < 40.0   < 40.0   < 40.0
Ba II 4554.030 0.00   0.170  140.7    127.5    147.5          S  135.5     81.9
Ba II 5853.690 0.60  -1.010   56.2     49.9     54.6   < 30.    < 30.    < 30.
Ba II 6141.730 0.70  -0.077  106.3    103.2    111.6          S   93.4     41.2
Ba II 6496.910 0.60  -0.380  106.5    102.4    101.5     47.5          S   50.3
La II 6320.430 0.17  -1.562 < 30.0   < 30.0   < 30.0   < 40.0   < 40.0   < 40.0
La II 6390.460 0.32  -1.400 < 30.0   < 30.0   < 30.0   < 40.0   < 40.0   < 40.0
La II 6774.270 0.13  -1.708 < 30.0   < 30.0   < 30.0   < 40.0   < 40.0   < 40.0
Eu II 4129.700 0.00   0.220            64.0     69.6   < 40.      66.  S < 40.
Eu II 4205.040 0.00   0.210        S   69.7     65.3   < 40.           S < 40.
Eu II 6645.130 1.37   0.120 < 30.    < 30.    < 30.    < 40.    < 40.    < 40.
Nd II 5319.820 0.55  -0.140 < 30.0   < 30.0   < 30.0   < 40.0   < 40.0   < 40.0
