J000738.2-034551    00 07 38.16 -03 45 50.4 11.52 9, 11 Sep 2016                        2700  60 156 -145.9 1.5 P18   J0007-0345
J001236.5-181631    00 12 36.47 -18 16 31.0 10.95 22 Jan, 28 Sep 2016                   1500  80 150  -96.4 0.8       J0012-1816
J002244.9-172429    00 22 44.86 -17 24 29.1 12.89 22 Jan, 28 Sep 2016                   3600  18  62   91.8 1.4       J0022-1724
J003052.7-100704    00 30 52.67 -10 07 04.2 12.77 28 Sep 2016, 2 Feb 2017               2700  25  60  -88.4 3.0     B J0030-1007
J005327.8-025317    00 53 27.84 -02 53 16.8 10.34 20 Jan 2016, 31 Jan 2017              2400  53 220 -197.7 0.6 P18   J0053-0253
J005419.7-061155    00 54 19.65 -06 11 55.4 13.06 28 Sep 2016                           1800  20  75 -132.8 0.5       J0054-0611
J010727.4-052401    01 07 27.37 -05 24 00.9 11.88 28 Sep 2016                           1800  58  98   -1.4 0.5       J0107-0524
J012042.2-262205    01 20 42.20 -26 22 04.7 10.21 22 Jan 2016                           1200  43 100   15.2 0.5
CS 31082-0001       01 29 31.14 -16 00 45.5 11.32 22 Jan 2016                           1440  30 106  137.6 0.7 Std   CS 31082-001
J014519.5-280058    01 45 19.52 -28 00 58.4 11.55 2 Feb, 28 Dec 2017                    3000  20  75   36.9 3.2     B J0145-2800
J015656.3-140211    01 56 56.33 -14 02 10.9 12.19 2 Feb 2017                            1800  33 104  141.6 0.5       J0156-1402
G 71-55             02 03 50.99 -00 32 20.8 10.98 22 Jan, 14 Feb 2016                   2040 105 190  -31.4 1.4 Std
TYC 5861-1732-1     02 11 10.19 -19 11 23.7 11.43 22 Jan 2016                           1440  46 120  -86.7 0.5 Std   TYC 5861-1732-1
2MJ02134021-0005183 02 13 40.22 -00 05 18.4 12.18 13 Dec 2016,2 Feb 2017                1800  50 100  164.2 0.6       2MJ0213-0005
J022741.1-051923    02 27 41.04 -05 19 22.8 11.43 20, 22 Jan 2016                       2160  47 128 -298.1 1.2 P18   J0227-0519
J022938.7-130747    02 29 38.70 -13 07 46.6 12.72 3 Feb 2017                            1800  20  45  180.5 0.5       J0229-1307
J023610.8-120256    02 36 10.77 -12 02 55.9 12.21 28 Dec 2017                           1800  20  68  152.9 0.5       J0236-1202
J024139.0-042735    02 41 38.88 -04 27 36.0 10.49 20 Jan 2016                           1320  65 122 -165.0 1.2 P18   J0241-0427
J024236.8-070746    02 42 36.75 -07 07 45.9       28 Sep 2016                           1800  31  74  -34.6 0.5       J0242-0707
J024325.9-324902    02 43 25.93 -32 49 01.5 11.40 31 Jan 2017                            900  20  82  203.2 0.5       J0243-3249
J024620.1-151842    02 46 20.14 -15 18 41.9 12.44 28 Dec 2017                           1800  20  82  279.2 0.5       J0246-1518
J030714.8-053455    03 07 14.88 -05 34 55.2 11.69 26 Oct 2015, 20, 22 Jan, 28 Sep 2016  5640  44  85  -99.1 5.7 P18 B J0307-0534
J031337.3-102056    03 13 37.26 -10 20 55.3       31 Jan, 2 Feb 2017                    2700  35  92  217.0 0.5       J0313-1020
J034346.3-092417    03 43 46.32 -09 24 18.0 12.09 26 Oct 2015, 20 Jan 2016, 31 Jan 2017 2220  38 140  253.2 3.1 P18 B J0343-0924
J034621.6-073008    03 46 21.60 -07 30 07.2 12.03 26 Oct 2015, 20 Jan, 14 Feb 2016      2220  34 100   53.1 1.4 P18   J0346-0730
J035509.3-063711    03 55 09.36 -06 37 12.0 12.44 26 Oct 2015, 20, 31 Jan, 14 Feb 2016  5400  45 140  181.2 1.9 P18   J0355-0637
CS 22169-0035       04 12 13.88 -12 05 05.1 12.90 14 Feb, 28 Sep 2016,2 Feb 2017        4500  42 105   12.3 1.6 Std   CS 22169-035
J041929.7-051749    04 19 29.76 -05 17 49.2 12.14 20 Jan 2016                           1800  39  82  121.5 0.5 P18   J0419-0517
TYC 75-1185-1       04 23 14.54 +01 30 48.3 11.48 22 Jan 2016                           1200  35  85  -56.4 0.5 Std   TYC 75-1185-1
J042324.4-131506    04 23 24.40 -13 15 06.0 11.10 11 Sep 2016, 7, 8 Feb 2017            2640  40 155  -98.4 1.9       J0423-1315
J043422.5-232528    04 34 22.54 -23 25 28.2 10.20 14 Feb                                 600  30 150  -18.9 0.5       J0434-2325
J044150.9-230348    04 41 50.86 -23 03 48.2 12.46 28 Feb 2016, 1, 8 Mar 2017            3600  30  76   58.5 1.2       J0441-2303
J045301.7-243714    04 53 01.68 -24 37 14.4 11.78 28 Feb 2016, 31 Jan, 7 Mar 2017       3420  50 175  180.7 1.9       J0453-2437
TYC 5911-452-1      04 53 22.64 -22 10 39.5 10.67 13 Dec 2016                           1620  70 130   12.1 0.5 Std   TYC 5911-452-1
J045651.5-311543    04 56 51.47 -31 15 42.8  9.30 31 Jan 2017                            600  38 175  249.0 0.5       J0456-3115
J050550.5-214508    05 05 50.54 -21 45 07.8 11.00 31 Jan 2016                           1200  25  75  255.6 0.5       J0505-2145
TYC 5329-1927-1     05 06 20.12 -13 44 21.9 11.71 3 Feb 2017                            1800  40 120  199.4 0.5 Std   TYC 5329-1927-1
J051727.4-134235    05 17 27.41 -13 42 34.9 12.15 31 Jan, 2 Feb, 2, 7 Mar 2017          6300  55 200  -72.0 2.1       J0517-1342
2MJ05254724-3049100 05 25 47.24 -30 49 10.2 11.58 28 Feb 2016                            720  18  75  403.8 0.5       J0525-3049
J061033.5-314107    06 10 33.50 -31 41 06.8 12.56 2 Feb, 8 Mar, 26 Dec 2017             5400  22  88  109.1 2.4       J0610-3141
TYC 6535-3183-1     07 03 33.59 -29 17 47.9 11.02 2 Feb, 1 Mar 2017                     3600  35 180  209.3 1.6 Std   TYC 6535-3183-1
J070520.3-334324    07 05 20.28 -33 43 24.3 11.67 31 Jan, 7 Mar, 28 Dec 2017            5400  30 160  397.8 2.4       J0705-3343
J071142.5-343237    07 11 42.53 -34 32 36.8       26 Dec 2017                           2400  10  96  314.5 0.5       J0711-3432
J091043.1-144419    09 10 43.10 -14 44 18.6 12.12 17, 28 Jan, 11 Feb 2016, 26 Dec 2017  3840  27  92  199.3 1.1       J0910-1444
J091858.9-231151    09 18 58.90 -23 11 51.2 11.54 28 Jan 2016, 3 Feb, 2 Mar 2017        6120  44 272  306.0 0.6       J0918-2311
J092949.7-290559    09 29 49.74 -29 05 59.2 11.37 28 Jan, 14 Feb 2016                   1620  30 130  125.2 2.3       J0929-2905
J094634.8-062653    09 46 34.80 -06 26 52.8 12.33 2 Feb 2017                            1800  30  92  315.9 0.5 P18   J0946-0626
J094921.8-161722    09 49 21.82 -16 17 22.1 11.33 17, 28 Jan 2016, 7 Mar 2017           3120  37 130  390.5 0.5       J0949-1617
J095036.7-250628    09 50 36.67 -25 06 28.1 13.00 28 Jan, 11, 28 Feb 2016, 8 Mar 2017   5400  18  80  422.8 1.2       J0950-2506
J095246.9-085554    09 52 46.80 -08 55 55.2 12.67 17, 28 Jan, 28 Feb 2016               3060  48  77  414.0 1.7 P18   J0952-0855
J095801.8-144614    09 58 01.81 -14 46 13.8 12.13 17, 28 Jan, 11 Feb 2016               2340  37  90  371.4 1.8     B J0958-1446
J095821.1-032357    09 58 21.12 -03 23 56.4 11.53 17 Feb 2016                            720  53  83    6.5 0.5 P18
J100448.6-270650    10 04 48.58 -27 06 50.0 12.44 11, 28 Feb 2016                       1800  29  91  263.3 1.4       J1004-2706
J102237.8-340021    10 22 37.79 -34 00 21.0 10.01 17 Jan 2016, 2 Mar 2017               1320  45 200  266.7 0.5       J1022-3400
J103139.9-082759    10 31 39.84 -08 27 57.6 12.18 17, 28 Jan, 4 Feb 2016                2160  42 120  275.1 2.6 P18   J1031-0827
J103634.4-193436    10 36 34.39 -19 34 35.5 12.10 17 Jan, 14 Feb 2016                   1440  28 150  172.6 0.5       J1036-1934
J104921.9-115417    10 49 21.93 -11 54 17.5 13.17 11 Feb 2016, 2 Mar, 26 Dec 2017       5400  36 120  158.9 3.7     B J1049-1154
J105136.9-211547    10 51 36.93 -21 15 46.6 11.55 28 Feb 2016                            720  26  98  119.4 0.5       J1051-2115
J105941.4-205225    10 59 41.36 -20 52 25.4 11.01 26 Feb, 10 Dec 2016                   2520  52 183  175.3 1.6       J1059-2052
TYC 4924-33-1       11 02 48.48 -03 01 26.4 11.69 26 Feb 2016                            720  40  86  133.8 0.5 Std   TYC 4924-33-1
HE 1116-0634        11 18 36.00 -06 50 45.6 11.61 4, 17 Feb, 26 May 2016                2880  46 120  115.1 2.6 Std   HE 1116-0634
J112034.0-240615    11 20 33.95 -24 06 14.6 11.97 28 Feb 2016                           1440  32  98  113.5 0.5       J1120-2406
J112427.4-215510    11 24 27.37 -21 55 09.5 11.21 2 May 2017                            1800  47 200  108.4 0.5       J1124-2155
TYC 6088-1943-1     11 26 51.42 -18 05 30.2 11.12 2 May 2017                            1800  72 165   89.0 0.5 Std   TYC 6088-1943-1
J113017.1-144933    11 30 17.05 -14 49 32.5 11.46 8 Mar 2017                            1800  50 175  -27.1 0.5       J1130-1449
J113901.0-055814    11 39 00.96 -05 58 15.6 12.38 4, 17 Feb 2016                        2880  45 165  238.6 0.5 P18   J1139-0558
J114440.9-040951    11 44 40.80 -04 09 50.4 11.08 4, 26 Feb 2016                        2160  50 220  291.1 0.6 P18   J1144-0409
2MJ11444480-1128167 11 44 44.79 -11 28 16.8  9.80 28 Feb 2016                            720  84 188  162.0 0.5       2MJ1144-1128
J114638.8-042240    11 46 38.88 -04 22 40.8 11.48 4, 26 Feb 2016                        2160  24 150  186.5 0.5 P18   J1146-0422
BD-13 3442          11 46 50.65 -14 06 43.2 10.31 10 Dec 2016                           1800 100 230  115.6 0.5 Std   BD-13 3442
J114729.9-052145    11 47 30.00 -05 21 43.2 11.01 4 Feb 2016                            1440  50 120  167.8 0.5 P18   J1147-0521
BD-01 2582          11 53 37.32 -02 00 36.7  9.60 10 Dec 2016                           1200  50 300    0.8 0.5 Std   BD-01 2582
J115801.3-152218    11 58 01.28 -15 22 18.0       7 Mar, 26 Dec 2017                    2700  20  60   16.6 0.5       J1158-1522
J120456.3-075923    12 04 56.16 -07 59 24.0 12.94 4, 11, 17 Feb 2016                    5400  30  90  386.4 2.4 P18   J1204-0759
2MJ12091322-1415313 12 09 13.22 -14 15 31.4 10.77 3 Apr 2017                            1140  40 155  269.4 0.5       2MJ1209-1415
J121846.5-161051    12 18 46.50 -16 10 50.8 11.67 28 Jan 2016                           1620  85 240  330.0 0.5       J1218-1610
J122927.0-044233    12 29 26.88 -04 42 32.4 11.09 17 Feb, 26 May 2016                   2880  56 164  146.8 2.5 P18   J1229-0442
J123749.3-094930    12 37 49.44 -09 49 30.0 12.07 3 Apr, 2 May 2017                     2400  30 150  125.3 0.5 P18   J1237-0949
J125039.9-030749    12 50 39.87 -03 07 48.7 12.83 3 Apr 2017                            1800  28  78  397.9 0.5       J1250-0307
J125631.4-083410    12 56 31.44 -08 34 08.4 10.87 17 Feb, 18 Apr 2016                   2160  45 165  104.1 0.5 P18   J1256-0834
J130200.0-084328    13 02 00.00 -08 43 30.0 11.88 4, 17 Feb 2016, 2 Apr 2017            3600  35 125  -80.7 1.5 P18   J1302-0843
J130604.3-094730    13 06 04.32 -09 47 31.2 10.53 17 Feb 2016                           1440  44 200  137.7 0.5 P18   J1306-0947
2MJ13072823-0931148 13 07 28.32 -09 31 15.6 11.75 17 Feb 2016                           1440  35 150   53.7 0.5 P18   2MJ1307-0931
HE 1317-0407        13 19 47.04 -04 23 09.6 12.12 26 May 2016                           1800  40 100  -43.7 0.5 Std   HE 1317-0407
J132139.3-113805    13 21 39.25 -11 38 04.9 11.55 3 May 2016                            1440  33 140  -35.8 0.5       J1321-1138
HE 1320-1339        13 22 44.12 -13 55 31.6 10.69 18 Apr 2016                           1440  53 116  173.2 0.5 Std   HE 1320-1339
2MJ13254554-1747547 13 25 45.54 -17 47 54.7 10.99 18 Apr 2016                           1440  40 120   17.6 0.5 P18   2MJ1325-1747
J132604.5-152502    13 26 04.51 -15 25 02.1       3 May 2016                            1440  35 100  -42.8 0.5       J1326-1525
J132846.9-173136    13 28 46.94 -17 31 36.4 10.93 18 Apr 2016                            720  32  70   -9.8 0.5 P18   J1328-1731
J133352.8-262354    13 33 52.82 -26 23 53.9 11.07 17 Jun 2016                           1200  30 130   64.9 0.5       J1333-2623
J133514.0-011052    13 35 13.92 -01 10 51.6 11.93 26 May 2016                           1800  35  96  100.8 0.5 P18   J1335-0110
J133748.9-082617    13 37 48.96 -08 26 16.8 11.51 26 May 2016                           1800  44 150   -0.4 0.5 P18 B J1337-0826
J133931.4-125721    13 39 31.41 -12 57 20.5       3 May 2016                            1800  20  96  -24.9 0.5       J1339-1257
2MJ13402720-0016031 13 40 27.12 -00 16 04.8 11.85 17 Feb, 26 May 2016                   2100  47 116 -129.5 2.5 P18   2MJ1340-0016
J134254.1-071701    13 42 54.00 -07 17 02.4 12.03 4 Feb, 13 Jun 2016, 3 Apr 2017        5040  44 180  148.4 0.8 P18   J1342-0717
2MJ13431929-2358139 13 43 19.30 -23 58 13.9 11.56 3 May 2016                            1440  25 100    1.8 0.5       2MJ1343-2358
HD 122563           14 02 31.92 +09 41 09.6  6.19 17 Feb 2016                            600 200 500  -23.3 0.5 Std   HD 122563
J140308.6-321401    14 03 08.59 -32 14 01.3 11.04 17 Jun 2016                           1200  38 130  192.2 0.5       J1403-3214
2MJ14043762+0011117 14 04 37.68 +00 11 13.2       4 Feb, 13 Jun 2016                    3600  25 120   -9.8 1.2 P18   2MJ1404+0011
J141015.9-034355    14 10 15.84 -03 43 55.2 12.08 4 Feb 2016, 15 June 2017              2340  55 150   71.3 1.6 P18   J1410-0343
J141640.8-242200    14 16 40.84 -24 21 59.9 10.87 17 Jun 2016                            720  25 120   -1.5 0.5       J1416-2422
J141808.7-284208    14 18 08.68 -28 42 07.7 10.71 17 Jun 2016                            900  25 140  172.0 0.5       J1418-2842
J141914.0-084441    14 19 13.92 -08 44 42.0 10.77 13 Jun 2016                           1440  45 197   -8.9 0.5 P18   J1419-0844
TYC 4995-333-1      14 52 38.64 -03 54 14.4 11.43 26 Feb 2016                           1440  40 100  -50.3 0.5 Std   TYC 4995-333-1
J150025.0-061337    15 00 24.96 -06 13 37.2 10.22 26 Feb 2016                            720  36 150  -79.7 0.5 P18   J1500-0613
J150203.0-052857    15 02 02.88 -05 28 58.8 11.29 26 Feb 2016                            720  29 100   -7.6 0.5 P18   J1502-0528
J150757.0-065959    15 07 57.12 -07 00 00.0 11.55 26 Feb 2016                           1440  33 130  148.5 0.5 P18   J1507-0659
J150833.9-145917    15 08 33.86 -14 59 16.6 11.47 26 Apr 2016, 2 Apr 2017                900  35 125   13.5 0.5       J1508-1459
J151116.8+002525    15 11 16.80 +00 25 26.4 11.77 26 Feb 2016                           1440  45 112 -152.5 0.5 P18   J1511+0025
J151608.7-212200    15 16 08.66 -21 21 59.5 10.85 17 Jun 2016                            900  33 128  177.8 0.5       J1516-2122
2MJ15211026-0607566 15 21 10.32 -06 07 58.8 11.24 26 Feb 2016, 1, 11 Jun 2017           4140  48 270  -11.5 2.2 P18   2MJ1521-0607
HE 1523-0901        15 26 00.96 -09 11 38.4 11.50 26 Feb, 28 May 2016                   2880  40 150 -160.3 1.8 Std   HE 1523-0901
J152713.5-233618    15 27 13.54 -23 36 17.7 10.85 17 Jun 2016                            900  50 150   -0.2 0.5       J1527-2336
J153421.9-085747    15 34 21.89 -08 57 47.3 10.19 17 Jun 2016,                          1200 121 315  126.2 0.5       J1534-0857
J153830.9-180424    15 38 30.85 -18 04 24.2 10.86 17 Jun 2016, 18 Mar 2017              2340  57 280  132.1 0.5       J1538-1804
J154204.1-013121    15 42 04.08 -01 31 19.2 12.05 3 Apr 2017                            1800  40 100   26.7 0.5 P18   J1542-0131
J154755.2-083710    15 47 55.20 -08 37 12.0 11.20 18 Apr, 28 May 2016                   3240  45 270  -13.3 2.2 P18   J1547-0837
J155427.3+002137    15 54 27.29 +00 21 36.9 10.75 2 Apr 2017                            1800  90 175  -45.3 0.5       J1554+0021
J155508.1-035901    15 55 08.16 -03 59 02.4 11.07 28 May 2016                           1440  10  45  -25.8 1.0 P18   J1555-0359
J160245.0-152102    16 02 44.99 -15 21 01.7 10.35 17 Jun 2016                            900  52 206  100.0 0.5       J1602-1521
J160612.7-040034    16 06 12.72 -04 00 32.4 10.94 9 May 2016                            1440  36 283  -68.2 0.5 P18   J1606-0400
J160642.3-163245    16 06 42.33 -16 32 45.3  9.82 2 Apr 2017                            1440  35 219 -186.3 0.5       J1606-1632
J160951.2-094118    16 09 51.12 -09 41 16.8 10.49 9, 28 May, 30 Jun 2016                4080  83 240  128.2 3.4 P18 B J1609-0941
J161228.4-054142    16 12 28.32 -05 41 42.0 12.15 30 Jun 2016, 11 Jun 2017              2700  26 211  214.2 2.2 P18   J1612-0541
J161228.3-084808    16 12 28.32 -08 48 07.2 10.57 28 May, 30 Jun 2016                    600  33 165  -26.0 0.5 P18   J1612-0848
J161635.6-040115    16 16 35.52 -04 01 15.6 11.17 30 May 2016                           1440  44 155  125.1 0.5 P18   J1616-0401
J161843.1-063056    16 18 42.96 -06 30 54.0 12.13 3 May 2016, 3 Apr 2017                2700  45 120   80.8 1.0 P18   J1618-0630
J162722.5-084836    16 27 22.56 -08 48 36.0 12.77 17 Jun 2017                           1800  31 128  113.0 0.5 P18   J1627-0848
J162856.2-101457    16 28 56.15 -10 14 57.1 10.51 2 Apr 2017                            1800  56 225   61.0 0.5       J1628-1014
J163931.1-052252    16 39 31.20 -05 22 51.6 11.30 30 May 2016                           1440  35 155 -109.7 0.5 P18   J1639-0522
J164551.2-042947    16 45 51.12 -04 29 45.6 12.20 3 Apr, 17 Jun 2017                    1800  22 163 -205.3 0.5 P18   J1645-0429
J181146.8-212609    18 11 46.77 -21 26 09.0  9.75 11 Jun 2017                           1440  25 240   80.1 0.5       J1811-2126
J190501.2-194928    19 05 01.17 -19 49 28.4 10.24 17 Jun 2017                           1440  51 215  102.1 0.5       J1905-1949
TYC 6900-414-1      20 04 20.30 -27 01 10.8 10.84 21 Jun 2016                           1440  43 114   43.9 0.5 Std   TYC 6900-414-1
J203843.2-002333    20 38 43.20 -00 23 31.2 12.73 17 Jun 2017                           1800  41 108 -319.8 0.5 Std   J2038-0023
J200506.7-305745    20 05 06.71 -30 57 44.7 11.25 21 Jun 2016, 17 Jun 2017              3600  39 175 -264.3 0.5       J2005-3057
J201027.8-082656    20 10 27.84 -08 26 56.4 10.52 9, 30 May 2016, 11 Jun 2017           3240  85 245 -332.1 1.0 P18   J2010-0826
J203226.1+000014    20 32 26.16 +00 00 14.4 10.86 21 Jun 2016                            720  45 137 -161.7 0.5 P18   J2032+0000
J203622.6-071420    20 36 22.56 -07 14 20.4 11.92 30 May 2016                           1440  35  95 -308.4 0.5 P18   J2036-0714
J203858.9-025212    20 38 59.04 -02 52 12.0 11.80 11 Jun 2017                           1800  35 135 -178.5 0.5 P18   J2038-0252
J205423.5-003310    20 54 23.52 -00 33 10.8 11.65 11 Jun 2017                           1440  39 121  -60.2 0.5 P18   J2054-0033
J205849.2-035434    20 58 49.20 -03 54 32.4 11.54 17 Jun 2017                            900  49 113 -158.8 0.5 P18   J2058-0354
J211621.9-021342    21 16 21.84 -02 13 40.8 10.17 21 Jun, 29 Aug 2016                   2400  92 200   -5.4 1.9 P18   J2116-0213
J215136.0-054340    21 51 36.00 -05 43 40.8  9.97 29 Aug 2016                           1800  75 285 -210.3 0.5 P18   J2151-0543
2MJ22562536-0719562 22 56 25.44 -07 19 55.2 11.69 29 Aug, 11 Sep 2016                   2700  43 160  -99.3 0.5 P18   2MJ2256-0719
J225652.6-050007    22 56 52.56 -05 00 07.2 11.94 11 Sep 2016                           1800  43 185 -143.6 0.5 P18   J2256-0500
J230430.2+015517    23 04 30.24 +01 55 15.6 12.08 11 Sep 2016                           1800  40 140  -56.6 0.5 P18   J2304+0155
J232519.0-081554    23 25 18.96 -08 15 54.0 11.89 29 Aug 2016                           1800  30  81 -275.4 0.5 P18   J2325-0815
BD-02 5957          23 26 52.56 -01 59 24.0 11.38 9, 11 Sep 2016                        2700  50 170 -212.2 1.4 Std   BD-02 5957
