J001236.5-181631    4985 2.44 1.49 -2.28 0.01 -2.42 0.01
J000738.2-034551    4663 1.48 2.32 -2.09 0.01 -2.23 0.03
J002244.9-172429    4718 1.11 1.95 -3.38 0.03 -3.88 0.11
J003052.7-100704    4831 1.48 2.20 -2.35 0.02 -2.42 0.06
J005327.8-025317    4370 0.56 1.95 -2.16 0.01 -2.19 0.04
J005419.7-061155    4707 1.03 2.01 -2.32 0.02 -2.36 0.07
J010727.4-052401    5225 3.03 1.43 -2.32 0.01 -2.51 0.03
J014519.5-280058    4582 0.69 2.09 -2.60 0.02 -2.55 0.05
J015656.3-140211    4622 1.09 2.40 -2.08 0.02 -2.09 0.04
2MJ02134021-0005183 6175 4.47 2.60 -1.96 0.03 -2.17 0.08
J022741.1-051923    4498 0.96 2.94 -2.38 0.02 -2.53 0.04
J022938.7-130747    6510 4.54 2.63 -1.43 0.03 -1.69 0.10
J023610.8-120256    4947 1.68 1.70 -2.13 0.03 -2.09 0.05
J024139.0-042735    4539 0.79 2.60 -2.48 0.01 -2.77 0.02
J024236.8-070746    6590 4.24 1.14 -2.04 0.02 -2.30 0.06
J024325.9-324902    4613 0.90 3.55 -2.62 0.02 -2.76 0.08
J024620.1-151842    4948 1.93 1.81 -2.45 0.03 -2.82 0.05
J030714.8-053455    4568 1.20 2.34 -2.23 0.01 -2.34 0.04
J031337.3-102056    4757 1.47 1.96 -2.05 0.02 -2.05 0.03
J034346.3-092417    4380 0.46 1.98 -1.92 0.01 -1.93 0.05
J034621.6-073008    4707 1.33 1.93 -1.99 0.01 -1.98 0.03
J035509.3-063711    5076 1.47 1.70 -2.38 0.02 -2.46 0.05
J041929.7-051749    4568 1.30 2.30 -2.02 0.01 -2.18 0.04
J042324.4-131506    4175 0.02 2.41 -2.38 0.01 -2.38 0.02
J043422.5-232528    4235 0.76 2.08 -1.89 0.02 -1.90 0.04
J044150.9-230348    5525 1.63 1.64 -2.48 0.02 -2.69 0.05
J045301.7-243714    4672 1.08 2.28 -2.44 0.01 -2.40 0.04
J045651.5-311543    4190 0.05 2.31 -2.19 0.01 -2.24 0.04
J050550.5-214508    4465 0.33 1.82 -2.16 0.02 -2.17 0.04
J051727.4-134235    4961 1.93 1.81 -2.14 0.01 -2.24 0.03
2MJ05254724-3049100 5195 1.37 1.93 -2.18 0.02 -2.36 0.08
J061033.5-314107    4986 1.53 2.46 -2.75 0.02 -2.86 0.06
J070520.3-334324    4757 1.27 1.96 -2.24 0.02 -2.25 0.04
J071142.5-343237    4767 1.33 1.89 -1.96 0.02 -1.98 0.06
J091043.1-144419    4693 0.70 2.22 -3.04 0.02 -3.27 0.05
J091858.9-231151    4662 1.05 2.22 -2.05 0.01 -2.06 0.03
J092949.7-290559    4737 0.96 2.01 -2.32 0.02 -2.34 0.04
J094634.8-062653    4370 0.56 2.05 -1.99 0.02 -2.04 0.04
J094921.8-161722    4707 1.26 2.01 -2.24 0.02 -2.18 0.03
J095036.7-250628    4815 1.56 1.93 -2.56 0.02 -2.72 0.08
J095246.9-085554    4831 1.40 2.51 -2.79 0.02 -3.11 0.05
J095801.8-144614    4756 1.48 2.12 -2.33 0.02 -2.40 0.06
J100448.6-270650    4831 1.42 1.78 -2.40 0.02 -2.50 0.04
J102237.8-340021    4831 1.72 1.72 -2.14 0.02 -2.27 0.04
J103139.9-082759    5075 2.58 1.75 -2.24 0.02 -2.43 0.07
J103634.4-193436    4707 1.26 2.04 -2.00 0.02 -2.00 0.05
J104921.9-115417    4915 2.37 1.52 -2.18 0.02 -2.40 0.05
J105136.9-211547    4430 0.33 2.09 -1.73 0.01 -1.79 0.04
J105941.4-205225    4370 0.56 2.06 -2.12 0.04 -2.15 0.04
J112034.0-240615    5045 1.48 2.20 -2.53 0.02 -2.80 0.04
J112427.4-215510    4781 1.55 1.95 -2.33 0.01 -2.40 0.05
J113017.1-144933    4985 2.44 1.64 -2.45 0.01 -2.58 0.03
J113901.0-055814    4662 1.19 2.19 -1.98 0.02 -1.97 0.03
J114440.9-040951    4614 1.03 2.45 -2.52 0.01 -2.76 0.02
2MJ11444480-1128167 5006 2.46 1.51 -2.42 0.01 -2.59 0.02
J114638.8-042240    4235 0.16 2.39 -2.05 0.01 -2.10 0.03
J114729.9-052145    4707 1.26 1.88 -2.00 0.01 -2.00 0.03
J115801.3-152218    4981 1.47 1.90 -2.41 0.03 -2.52 0.06
J120456.3-075923    4530 0.83 3.49 -2.72 0.02 -3.00 0.05
2MJ12091322-1415313 4370 0.56 2.01 -2.11 0.01 -2.13 0.01
J121846.5-161051    4740 1.09 3.43 -3.24 0.02 -3.42 0.09
J122927.0-044233    4523 1.13 2.43 -2.23 0.01 -2.36 0.03
J123749.3-094930    4370 0.56 2.04 -2.12 0.01 -2.17 0.04
J125039.9-030749    5060 2.35 1.67 -2.15 0.02 -2.36 0.04
J125631.4-083410    4210 0.06 2.28 -2.34 0.01 -2.38 0.04
J130200.0-084328    4567 0.46 2.85 -1.95 0.01 -1.97 0.03
J130604.3-094730    4707 1.33 1.93 -1.93 0.01 -1.94 0.03
2MJ13072823-0931148 4647 1.16 2.09 -1.98 0.02 -1.98 0.03
J132139.3-113805    4568 1.20 2.69 -2.44 0.01 -2.54 0.03
2MJ13254554-1747547 4588 0.83 2.80 -2.32 0.01 -2.43 0.06
J132604.5-152502    4798 1.33 2.12 -2.38 0.01 -2.58 0.05
J132846.9-173136    4495 0.67 1.86 -2.20 0.02 -2.24 0.07
2MJ13431929-2358139 4777 1.13 1.75 -2.47 0.02 -2.46 0.06
J133514.0-011052    4568 1.07 2.61 -2.45 0.01 -2.59 0.04
J133748.9-082617    4365 0.25 2.61 -2.62 0.01 -2.62 0.06
J133931.4-125721    4574 0.72 2.84 -2.71 0.01 -2.92 0.03
2MJ13402720-0016031 4568 0.90 2.78 -2.43 0.02 -2.61 0.05
J134254.1-071701    4568 0.90 2.94 -2.51 0.01 -2.68 0.04
J133352.8-262354    4821 1.72 1.69 -2.12 0.01 -2.21 0.04
J140308.6-321401    4513 1.13 2.43 -2.41 0.01 -2.54 0.04
2MJ14043762+0011117 4370 0.26 2.14 -1.87 0.00 -1.92 0.05
J141015.9-034355    4931 2.00 1.83 -2.06 0.00 -2.19 0.06
J141640.8-242200    4647 0.86 2.27 -2.57 0.01 -2.57 0.04
J141808.7-284208    4672 1.26 1.99 -2.32 0.01 -2.28 0.03
J141914.0-084441    4831 1.72 1.79 -2.08 0.01 -2.20 0.04
J150025.0-061337    4460 0.73 1.86 -2.05 0.01 -2.08 0.03
J150203.0-052857    4370 0.56 1.82 -1.82 0.01 -1.87 0.03
J150757.0-065959    4300 0.52 2.21 -2.07 0.01 -2.12 0.03
J150833.9-145917    4543 1.13 2.53 -2.29 0.01 -2.42 0.04
J151116.8+002525    4568 0.90 2.88 -2.46 0.01 -2.61 0.04
J151608.7-212200    4285 0.36 2.46 -2.27 0.01 -2.35 0.02
2MJ15211026-0607566 4707 1.33 1.99 -2.00 0.01 -2.00 0.03
J152713.5-233618    6260 4.57 2.07 -1.78 0.02 -2.04 0.03
J153421.9-085747    4721 1.26 2.41 -3.03 0.02 -3.29 0.03
J153830.9-180424    4752 1.63 1.73 -2.09 0.02 -2.08 0.04
J154204.1-013121    4638 1.34 2.39 -2.18 0.01 -2.33 0.04
J154755.2-083710    4285 0.25 2.48 -2.48 0.01 -2.49 0.03
J155427.3+002137    5210 1.24 1.95 -2.18 0.02 -2.32 0.03
J160245.0-152102    4977 2.57 1.30 -1.87 0.01 -1.80 0.04
J160612.7-040034    4060 0.02 2.31 -2.09 0.01 -2.10 0.03
J160642.3-163245    4225 0.19 2.21 -2.38 0.01 -2.31 0.02
J160951.2-094118    4634 0.66 2.53 -2.66 0.01 -2.95 0.01
J161228.4-054142    4420 0.70 1.79 -1.80 0.01 -1.86 0.03
J161228.3-084808    4350 0.56 1.98 -2.11 0.01 -2.13 0.02
J161635.6-040115    4370 0.63 2.03 -1.97 0.01 -2.01 0.03
J161843.1-063056    5335 1.31 1.73 -2.41 0.03 -2.61 0.08
J162722.5-084836    4678 1.54 2.52 -2.36 0.02 -2.49 0.05
J162856.2-101457    4955 1.31 2.35 -2.00 0.02 -2.22 0.04
J163931.1-052252    4370 0.56 2.11 -2.07 0.01 -2.06 0.04
J164551.2-042947    4310 0.22 2.08 -2.15 0.01 -2.29 0.04
J181146.8-212609    4210 0.81 1.34 -1.23 0.02 -1.24 0.04
J190501.2-194928    4687 0.99 2.46 -1.89 0.01 -1.94 0.03
J200506.7-305745    4624 0.96 2.38 -2.75 0.02 -3.02 0.05
J201027.8-082656    4195 0.22 2.23 -2.02 0.01 -2.09 0.03
J203226.1+000014    4612 0.79 2.22 -2.24 0.02 -2.22 0.03
J203622.6-071420    4283 0.07 3.20 -2.41 0.02 -2.77 0.05
J203858.9-025212    4280 0.06 2.26 -2.15 0.01 -2.30 0.03
J205423.5-003310    4345 0.13 2.99 -2.66 0.01 -2.97 0.03
J205849.2-035434    4831 1.65 1.75 -2.36 0.02 -2.40 0.04
J211621.9-021342    4248 0.40 3.17 -2.58 0.01 -2.70 0.03
J215136.0-054340    4568 0.90 2.70 -2.47 0.01 -2.59 0.03
2MJ22562536-0719562 4558 1.20 2.63 -2.26 0.01 -2.37 0.04
J225652.6-050007    4465 0.80 1.89 -1.97 0.01 -2.00 0.04
J230430.2+015517    4613 1.24 2.63 -2.46 0.02 -2.60 0.04
J232519.0-081554    4995 1.54 1.97 -2.30 0.20 -2.43 0.04
