Pristine_184445.77-275640.1 Field 108153        4071758571519232640 281.19070833333 -27.94447222222 135.1715  1.701 5014.712  172.632 2.102 0.6451 -2.305 0.1705 -0.232 0.2858 0.1670     0.233     0.016
Pristine_184646.85-282106.0 Field 108153        4071522382672553216 281.69520833333 -28.35166666667 127.0954  1.628 5149.573  169.103 2.298 0.7409 -2.665 0.1755 -0.156 0.3188 0.1333     0.091     0.060
Pristine_184913.11-291603.6 Field282.0-29.8_Sag 6761548326723689984 282.30462500000 -29.26766666667 136.3936  0.880 4840.842  173.692 2.256 0.4076 -1.750 0.1560 -0.522 0.2263 0.0806     0.016     0.022
Pristine_185059.23-292200.1 Field282.0-29.8_Sag 6761508430739189376 282.74679166667 -29.36669444444 171.5397  0.825 5045.696  149.155 1.695 0.4270 -1.701 0.1530 -0.455 0.2717 0.3075    -0.069    -0.091
Pristine_184352.57-292548.9 Field282.0-29.8_Sag 4071328658141358592 280.96904166667 -29.43025000000 138.4632  0.906 4937.566  189.079 1.808 0.5136 -1.775 0.1674 -0.271 0.2817 0.2641    -0.277    -0.149
Pristine_184923.81-294758.7 Field282.0-29.8_Sag 6761375802157343360 282.34920833333 -29.79963888889 135.2292  0.417 4812.204  172.686 1.780 0.5750 -2.350 0.1748 -0.744 0.3097 0.3098    -0.025     0.113
Pristine_184950.18-285903.6 Field282.0-29.8_Sag 6761579383602248448 282.45908333333 -28.98433333333 138.5288  0.693 4838.249  193.158 1.859 0.4970 -1.742 0.1691 -0.652 0.2580 0.2340     0.163     0.135
Pristine_184722.68-301918.1 Field282.0-29.8_Sag 6761332130924839680 281.84450000000 -30.32169444444 141.9912  0.917 4801.854  156.355 1.464 0.4077 -1.875 0.1856 -0.852 0.2387 0.4110    -0.039    -0.114
Pristine_185112.90-294033.7 Field282.0-29.8_Sag 6761464935636175488 282.80375000000 -29.67602777778 156.0725  2.879 4907.364  144.720 1.764 0.3905 -1.832 0.1461 -0.141 0.2322 0.2416    -0.206    -0.358
Pristine_184707.47-291823.6 Field282.0-29.8_Sag 4071304640678168448 281.78112500000 -29.30655555556 156.3569  1.081 5045.662  149.771 2.673 0.3635 -1.574 0.1559 -0.186 0.2175 0.0238     0.219     0.001
Pristine_184926.45-292713.4 Field282.0-29.8_Sag 6761525271338963200 282.36020833333 -29.45372222222 150.4327  1.025 4986.227  175.981 1.944 0.4853 -1.759 0.1660 -0.266 0.2666 0.1716     0.075    -0.017
Pristine_184355.74-301325.1 Field282.0-29.8_Sag 4047225439109044352 280.98225000000 -30.22363888889 140.9066  1.331 4730.498  194.785 1.841 0.4636 -1.780 0.1618 -0.456 0.2293 0.2427    -0.157    -0.114
Pristine_184538.11-293317.7 Field282.0-29.8_Sag 4071270800669603456 281.40879166667 -29.55491666667 117.7013  0.932 4885.189  144.147 1.895 0.4260 -2.139 0.1466 -0.395 0.2416 0.2516    -0.199    -0.094
Pristine_184857.63-301951.6 Field282.0-29.8_Sag 6761322338399386496 282.24012500000 -30.33100000000 138.1261  0.721 4969.112  145.220 1.579 0.4109 -1.870 0.1624 -0.662 0.2976 0.3692    -0.205    -0.244
Pristine_184901.04-290300.0 Field282.0-29.8_Sag 6761556018980063104 282.25433333333 -29.05000000000 125.0941  0.741 4993.914  172.287 1.943 0.7188 -2.574 0.1735 -0.301 0.3357 0.2260     0.218     0.156
Pristine_185039.63-291326.7 Field282.0-29.8_Sag 6761557599525114368 282.66512500000 -29.22408333333 143.8493  0.729 4961.545  171.997 2.023 0.4694 -1.809 0.1598 -0.280 0.2506 0.1605    -0.026     0.119
Pristine_184515.76-300148.4 Field282.0-29.8_Sag 6761403156831497472 281.31566666667 -30.03011111111 150.2680  0.824 4979.709  152.841 1.886 0.4572 -1.982 0.1522 -0.265 0.2499 0.2281     0.100     0.199
Pristine_184528.68-301011.5 Field282.0-29.8_Sag 6737379308803439488 281.36950000000 -30.16986111111 140.9431  1.065 4977.573  185.084 2.231 0.4492 -1.580 0.1644 -0.403 0.2442 0.0911    -0.018    -0.191
Pristine_185021.30-293057.2 Field282.0-29.8_Sag 6761482179904715392 282.58875000000 -29.51588888889 171.0644  0.959 4833.545  169.120 1.786 0.4144 -1.527 0.1545 -0.138 0.2274 0.2017     0.202     0.164
Pristine_184854.66-291149.1 Field282.0-29.8_Sag 6761552346813250176 282.22775000000 -29.19697222222 134.6968  1.447 5175.054  179.553 1.950 0.6269 -1.884 0.1884 -0.369 0.3838 0.1823    -0.053    -0.349
Pristine_184831.91-293501.4 Field282.0-29.8_Sag 6761431881574214144 282.13295833333 -29.58372222222 123.0466  0.821 4956.670  156.463 2.043 0.4677 -2.030 0.1549 -0.191 0.2403 0.1398     0.112     0.068
Pristine_184439.33-301600.9 Field282.0-29.8_Sag 6737371814047327360 281.16387500000 -30.26691666667 171.9353  1.228 4954.475  168.186 1.745 0.5703 -2.076 0.1624 -0.072 0.2780 0.2369    -0.005     0.121
Pristine_184729.74-302729.8 Field282.0-29.8_Sag 6761316913884994816 281.87391666667 -30.45827777778 144.2055  0.489 4733.948  165.504 1.528 0.4253 -1.835 0.1532 -0.538 0.2295 0.4152    -0.129    -0.033
Pristine_185103.06-295624.3 Field282.0-29.8_Sag 6761263931168893184 282.76275000000 -29.94008333333 126.9600  2.803 4668.534  162.136 1.652 0.4222 -2.160 0.1541 -0.384 0.2314 0.3646    -0.147    -0.032
Pristine_184737.74-295255.5 Field282.0-29.8_Sag 6761417587922510976 281.90725000000 -29.88208333333 136.3730  0.680 4610.998  171.955 1.587 0.4192 -1.862 0.1624 -0.529 0.2203 0.3947     0.565    -0.151
Pristine_184342.87-292908.0 Field282.0-29.8_Sag 4071328043996919808 280.92862500000 -29.48555555556 130.1103  1.686 5291.614  188.026 2.387 0.6544 -1.799 0.1888  0.138 0.2581 0.0740    -0.195     0.055
Pristine_184842.28-293525.7 Field282.0-29.8_Sag 6761431950293678976 282.17616666667 -29.59047222222 134.0402  0.822 4641.643  223.663 1.356 0.6223 -2.138 0.2028 -0.379 0.3097 0.4304     0.128     0.139
Pristine_185055.44-293042.7 Field282.0-29.8_Sag 6761480225719989760 282.73100000000 -29.51186111111 182.3481  0.912 4852.436  198.380 1.722 0.5026 -1.798 0.1658 -0.438 0.2850 0.2694     0.081    -0.034
Pristine_184444.92-292520.1 Field282.0-29.8_Sag 4071288216729338496 281.18716666667 -29.42225000000 130.1098  0.708 4821.372  176.479 1.571 0.5806 -2.240 0.1629 -0.383 0.3142 0.3217     0.250     0.339
Pristine_184809.74-284834.5 Field282.0-29.8_Sag 4071423907658758272 282.04058333333 -28.80958333333 156.0195  1.162 5071.645  183.413 1.802 0.5931 -1.845 0.1794 -0.211 0.3301 0.2307     0.150    -0.115
Pristine_184642.47-292222.0 Field282.0-29.8_Sag 4071302514679576960 281.67695833333 -29.37277777778 178.9768  1.499 5412.498  172.223 3.335 0.7035 -2.629 0.1751  0.144 0.2579 0.0109     0.326     0.197
Pristine_184845.30-302309.5 Field282.0-29.8_Sag 6761321758607853824 282.18875000000 -30.38597222222 153.9512  0.487 4892.442  187.958 1.950 0.6907 -2.402 0.1780 -0.457 0.3484 0.2809     0.159    -0.289
Pristine_184404.54-301357.5 Field282.0-29.8_Sag 6737375627978316544 281.01891666667 -30.23263888889 166.2609  1.728 5037.431  189.483 2.127 0.5165 -1.584 0.1766 -0.053 0.2546 0.1103     0.034    -0.074
Pristine_184944.27-293121.2 Field282.0-29.8_Sag 6761524270584203136 282.43445833333 -29.52255555556 129.9827  0.665 4947.958  190.260 2.123 0.5358 -1.869 0.1713 -0.438 0.2772 0.1692     0.220    -0.013
Pristine_184736.75-290532.7 Field282.0-29.8_Sag 4071402497212865152 281.90312500000 -29.09241666667 164.7239  1.557 5267.241  153.959 2.341 0.4601 -1.615 0.1797 -0.574 0.3267 0.0859    -0.256    -0.162
Pristine_184607.44-292308.9 Field282.0-29.8_Sag 4071297322053594496 281.53100000000 -29.38580555556 143.3425  0.672 4919.583  139.448 1.641 0.4651 -2.222 0.1456 -0.223 0.2586 0.3279    -0.152    -0.026
Pristine_184349.86-301108.2 Field282.0-29.8_Sag 4047226577317943552 280.95775000000 -30.18561111111 141.5137  1.198 5084.680  164.284 1.809 0.5136 -1.797 0.1647  0.006 0.2695 0.1903     0.064    -0.150
Pristine_184558.18-292045.3 Field282.0-29.8_Sag 4071309416690709504 281.49241666667 -29.34591666667 120.7647  1.130 5231.647  179.032 2.554 0.6795 -2.169 0.1952 -0.472 0.4185 0.0775     0.256    -0.120
Pristine_184853.44-302718.4 Field282.0-29.8_Sag 6761132195931902208 282.22266666667 -30.45511111111 123.9775  0.703 4670.174  156.484 1.440 0.4511 -2.337 0.1552 -0.481 0.2506 0.4477     0.279    -0.103
Pristine_184917.31-303048.0 Field282.0-29.8_Sag 6761129378433183104 282.32212500000 -30.51333333333 143.1193  0.865 4671.880  149.935 1.338 0.3673 -1.978 0.1539 -0.189 0.2305 0.4562    -0.359    -0.311
Pristine_184840.67-300521.6 Field282.0-29.8_Sag 6761364055447207680 282.16945833333 -30.08933333333 150.3922  0.653 4735.086  160.343 1.716 0.4703 -2.252 0.1539 -0.608 0.2438 0.3201     0.206    -0.186
Pristine_190452.43-320156.6 Field286.0-31.1     6757370319958976384 286.21845833333 -32.03238888889 132.9555  3.179 4842.180  176.208 1.820 0.4832 -2.017 0.1597 -0.259 0.2464 0.2234     0.228     0.112
Pristine_190506.74-315429.1 Field286.0-31.1     6757372896939380992 286.27808333333 -31.90808333333 117.1358  1.510 5057.110  146.633 1.412 0.5142 -2.000 0.1532 -0.039 0.2880 0.3934    -0.111    -0.313
Pristine_190427.42-303343.0 Field286.0-31.1     6760611302279999360 286.11425000000 -30.56194444444 107.2924  1.357 4947.961  165.149 2.218 0.4357 -1.667 0.1631 -0.394 0.2272 0.0788    -0.067     0.049
Pristine_190552.22-313420.2 Field286.0-31.1     6757410211616381056 286.46758333333 -31.57227777778 135.8286  1.894 4746.119  157.679 1.300 0.4681 -2.206 0.1670 -0.345 0.2796 0.5160     0.016     0.070
Pristine_190053.83-305843.6 Field286.0-31.1     6760489870665075328 285.22429166667 -30.97877777778 148.5191  1.118 4684.667  142.353 1.429 0.3445 -1.759 0.1479 -0.375 0.2181 0.4284     0.002     0.026
Pristine_190530.89-305920.4 Field286.0-31.1     6757490883972897152 286.37870833333 -30.98900000000 144.7670  1.574 4922.033  169.552 1.731 0.5780 -2.159 0.1638 -0.449 0.3127 0.3298     0.405     0.417
Pristine_190113.62-310212.2 Field286.0-31.1     6760487229269435648 285.30675000000 -31.03672222222 104.4660  1.066 4786.525  155.517 1.811 0.3908 -1.783 0.1483 -0.467 0.2215 0.2600     0.078     0.082
Pristine_190612.10-315504.4 Field286.0-31.1     6757188660021199360 286.55041666667 -31.91788888889 144.0737  1.190 4917.648  219.136 1.868 0.8398 -2.504 0.1969 -0.458 0.4551 0.3452     0.030     0.096
Pristine_190246.37-302632.7 Field286.0-31.1     6760580992692275200 285.69320833333 -30.44241666667 153.8289  1.663 4554.027  168.102 1.516 0.4080 -2.164 0.1959  0.163 0.2213 0.3797    -0.226     0.048
Pristine_190629.36-310600.3 Field286.0-31.1     6757532532282249216 286.62233333333 -31.10008333333 145.1178  3.545 4591.493  162.052 1.645 0.3756 -1.701 0.1752 -0.446 0.2168 0.3391     0.049     0.174
Pristine_190554.01-315745.4 Field286.0-31.1     6757186667155017728 286.47504166667 -31.96261111111 123.1920  2.011 4670.205  170.637 1.851 0.4181 -2.183 0.1538  0.291 0.2104 0.1946    -0.340    -0.163
Pristine_190200.09-301329.8 Field286.0-31.1     6760599753099922176 285.50037500000 -30.22494444444 138.3125  2.621 4555.450  149.917 1.616 0.3333 -1.692 0.2094 -0.587 0.2118 0.3530    -0.140     0.042
Pristine_190152.44-311713.7 Field286.0-31.1     6760467644217907072 285.46850000000 -31.28713888889 172.1937  1.258 4894.759  156.457 1.980 0.4013 -1.593 0.1531 -0.365 0.2200 0.1525     0.060     0.032
Pristine_190342.87-311600.9 Field286.0-31.1     6757468859382690560 285.92862500000 -31.26691666667 148.3417  1.160 5147.835  146.332 2.695 0.4014 -1.838 0.1604 -0.354 0.2330 0.0194    -0.262    -0.180
Pristine_190101.90-312135.1 Field286.0-31.1     6760093153116464768 285.25791666667 -31.35975000000 140.9375  1.026 4735.020  151.695 1.651 0.3744 -1.729 0.1479 -0.588 0.2220 0.3151     0.160    -0.021
Pristine_190453.36-305220.2 Field286.0-31.1     6757505113215929856 286.22233333333 -30.87227777778 152.5601  1.008 5018.450  142.073 1.830 0.4203 -1.829 0.2018 -0.808 0.2782 0.2470    -0.246    -0.072
Pristine_190256.16-313257.8 Field286.0-31.1     6757446186263284096 285.73400000000 -31.54938888889 140.6208  1.631 5082.567  144.119 2.466 0.3693 -1.636 0.1552 -0.532 0.2248 0.0440    -0.100    -0.114
Pristine_190151.93-313404.1 Field286.0-31.1     6757081659487684480 285.46637500000 -31.56780555556 124.9738  1.134 4653.154  165.708 1.316 0.3964 -1.775 0.1766 -0.572 0.2468 0.4657    -0.003     0.019
Pristine_190106.17-314634.8 Field286.0-31.1     6757072730268564736 285.27570833333 -31.77633333333 152.6101  1.044 4585.215  149.477 1.317 0.3516 -1.903 0.1812 -0.602 0.2272 0.4887     0.251     0.033
Pristine_190145.24-310245.9 Field286.0-31.1     6760486542074634112 285.43850000000 -31.04608333333 143.2917  1.070 4533.300  139.782 1.341 0.3323 -1.628 0.3002 -0.459 0.2102 0.4402    -0.036    -0.163
Pristine_190148.75-305430.8 Field286.0-31.1     6760494341735063552 285.45312500000 -30.90855555556 106.7575  0.764 4930.572  153.960 2.172 0.4940 -2.316 0.1514 -0.257 0.2283 0.1198     0.066    -0.058
Pristine_190326.73-314307.4 Field286.0-31.1     6757393340983991680 285.86137500000 -31.71872222222 151.2798  1.693 5202.939  144.139 2.668 0.3646 -1.505 0.1546 -0.220 0.2301 0.0228    -0.146    -0.101
Pristine_190618.63-305821.9 Field286.0-31.1     6757581456244047360 286.57762500000 -30.97275000000 163.3161  1.793 4660.685  154.813 1.280 0.3818 -1.916 0.1750 -0.660 0.2500 0.5114    -0.112     0.081
Pristine_190105.39-304440.8 Field286.0-31.1     6760547083923983616 285.27245833333 -30.74466666667 160.6509  1.170 4862.646  156.294 1.857 0.3932 -1.621 0.1523 -0.320 0.2222 0.1947     0.329     0.299
Pristine_190513.46-305951.1 Field286.0-31.1     6757491060082785920 286.30608333333 -30.99752777778 125.7754  0.809 4591.479  160.626 1.476 0.3698 -1.879 0.1730 -0.479 0.2260 0.3840     0.176    -0.005
Pristine_190146.11-301525.1 Field286.0-31.1     6760599237703817088 285.44212500000 -30.25697222222 149.5532  2.890 4637.573  148.822 1.564 0.3393 -1.749 0.1491 -0.458 0.2168 0.3213    -0.226    -0.027
Pristine_190444.57-313142.0 Field286.0-31.1     6757402892991509376 286.18570833333 -31.52833333333 173.1361  1.244 4963.490  182.356 1.587 0.6447 -2.209 0.1981 -0.581 0.4834 0.3884    -0.309    -0.141
Pristine_190104.02-305551.8 Field286.0-31.1     6760491726091020800 285.26675000000 -30.93105555556 178.2608  1.144 4635.097  169.849 1.643 0.3974 -1.770 0.1585 -0.337 0.2231 0.3064    -0.015     0.023
Pristine_190520.91-312252.0 Field286.0-31.1     6757427662059562752 286.33712500000 -31.38111111111 151.9506  1.426 4819.975  161.858 2.088 0.4002 -1.829 0.1538 -0.292 0.2161 0.1236    -0.195     0.083
Pristine_190300.98-313619.5 Field286.0-31.1     6757444773204683264 285.75408333333 -31.60541666667 136.6301  1.572 4940.544  157.294 2.355 0.3969 -1.578 0.1568 -0.497 0.2156 0.0639     0.037     0.118
Pristine_190341.19-305546.1 Field286.0-31.1     6760503408402042880 285.92162500000 -30.92947222222 128.7206  1.320 4577.182  145.520 1.470 0.3413 -1.567 0.1798 -0.328 0.2082 0.4185    -0.136    -0.420
Pristine_190239.28-311917.8 Field286.0-31.1     6757464774882048000 285.66366666667 -31.32161111111 140.3793  1.534 4608.062  140.115 1.451 0.3250 -1.633 0.1563 -0.395 0.2093 0.4211     0.155    -0.106
Pristine_190330.85-310244.4 Field286.0-31.1     6757498619225512576 285.87854166667 -31.04566666667 154.6793  1.359 5060.883  162.561 2.272 0.7191 -2.774 0.1634 -0.235 0.2918 0.1373    -0.118     0.048
Pristine_190448.97-305417.7 Field286.0-31.1     6757503532667954944 286.20404166667 -30.90491666667 147.8087  1.054 4566.625  153.257 1.447 0.3611 -1.595 0.2035 -0.222 0.2101 0.3391    -0.119     0.097
Pristine_190319.01-311943.9 Field286.0-31.1     6757466973905259520 285.82920833333 -31.32886111111 109.0770  0.722 4684.410  144.611 1.706 0.3652 -2.064 0.1478 -0.664 0.2242 0.2858    -0.111    -0.016
Pristine_190428.53-310151.0 Field286.0-31.1     6757495969212843392 286.11887500000 -31.03083333333 167.0916  1.490 5694.683  167.187 3.644 0.6126 -2.071 0.1819  0.295 0.2506 0.0023     0.052     0.109
Pristine_190602.59-311017.3 Field286.0-31.1     6757438249163106816 286.51079166667 -31.17147222222 130.7279  0.985 4578.388  159.298 1.441 0.3713 -1.718 0.1902 -0.243 0.2158 0.3814     0.236     0.019
Pristine_190037.19-305135.7 Field286.0-31.1     6760539971469430016 285.15495833333 -30.85991666667 127.3231  1.096 4704.354  158.521 1.503 0.3857 -1.845 0.1503 -0.276 0.2279 0.3700    -0.296    -0.001
Pristine_190325.60-304726.5 Field286.0-31.1     6760508429228668672 285.85666666667 -30.79069444444 125.4454  1.664 4716.699  161.655 1.686 0.3909 -1.586 0.1551 -0.614 0.2246 0.3143     0.063    -0.085
Pristine_190712.78-310737.7 Field286.0-31.1     6757518547868678272 286.80325000000 -31.12713888889 128.0266  2.093 4779.899  167.720 1.586 0.4353 -1.597 0.1595 -0.525 0.2339 0.3745    -0.373    -0.003
Pristine_190356.72-304709.6 Field286.0-31.1     6760511246711728768 285.98633333333 -30.78600000000 103.5400  2.116 4590.232  138.854 1.847 0.3136 -1.602 0.1523 -0.482 0.2039 0.2226     0.213     0.178
Pristine_190407.47-305247.8 Field286.0-31.1     6757507273566804224 286.03112500000 -30.87994444444 149.7591  1.410 4620.209  136.902 1.168 0.3310 -1.567 0.2012 -0.160 0.2159 0.4209    -0.134     0.022
Pristine_190055.49-305105.4 Field286.0-31.1     6760539490433533824 285.23120833333 -30.85150000000 146.1440  2.040 4712.538  153.917 1.486 0.3862 -2.029 0.1497 -0.221 0.2329 0.3953    -0.373     0.009
Pristine_190209.96-312151.7 Field286.0-31.1     6757463847152458240 285.54150000000 -31.36436111111 143.1318  1.567 5093.164  150.875 2.244 0.4208 -1.741 0.1585 -0.144 0.2331 0.0800     0.134     0.215
Pristine_190053.63-312654.7 Field286.0-31.1     6760092298438922112 285.22345833333 -31.44852777778 120.0750  1.280 4729.982  169.637 1.993 0.4047 -1.655 0.1520 -0.427 0.2177 0.1685    -0.016     0.026
Pristine_190008.47-305753.2 Field286.0-31.1     6760162495386384000 285.03529166667 -30.96477777778 152.4094  1.107 4975.198  175.423 2.565 0.4424 -1.657 0.1690 -0.209 0.2183 0.0381     0.107     0.135
Pristine_190432.69-312516.1 Field286.0-31.1     6757451683821766656 286.13620833333 -31.42113888889 164.1431  1.465 4604.354  146.532 1.428 0.3356 -1.660 0.1612 -0.329 0.2137 0.4187     0.023     0.221
Pristine_190432.18-311403.7 Field286.0-31.1     6757480301177266560 286.13408333333 -31.23436111111 141.3053  0.965 4757.307  164.897 2.091 0.3905 -1.888 0.1525 -0.398 0.2164 0.1379    -0.075    -0.343
Pristine_190359.90-313523.7 Field286.0-31.1     6757396021043740288 285.99958333333 -31.58991666667 138.5162  1.812 4716.920  145.745 1.629 0.3429 -1.810 0.1428 -0.222 0.2136 0.3251    -0.286    -0.253
Pristine_190322.59-302045.0 Field286.0-31.1     6760630131416675968 285.84412500000 -30.34583333333 128.3648  1.432 4629.313  165.703 1.763 0.3777 -1.524 0.1567 -0.559 0.2161 0.2849    -0.197    -0.021
Pristine_190511.44-315423.9 Field286.0-31.1     6757372926994787328 286.29766666667 -31.90663888889 162.3373  1.698 5150.323  137.492 1.597 0.6230 -2.773 0.1572  0.229 0.3124 0.3038     0.031    -0.055
Pristine_190538.42-305346.3 Field286.0-31.1     6757585652439282560 286.41008333333 -30.89619444444 152.2161  1.130 4682.266  154.096 1.533 0.3670 -1.753 0.1489 -0.246 0.2170 0.3541     0.165     0.187
Pristine_190329.69-311019.1 Field286.0-31.1     6757470714804174336 285.87370833333 -31.17197222222 146.7047  1.634 4615.258  177.916 1.475 0.4089 -2.011 0.1657 -0.344 0.2489 0.4030     0.015     0.064
Pristine_190331.36-305905.2 Field286.0-31.1     6757499336468234624 285.88066666667 -30.98477777778 144.8670  1.584 5066.906  149.818 2.061 0.4359 -1.756 0.1705 -0.670 0.2651 0.1549     0.121    -0.029
Pristine_190505.95-304442.6 Field286.0-31.1     6757603004107207040 286.27479166667 -30.74516666667 153.7379  1.095 4973.129  147.414 1.831 0.4172 -1.814 0.1597 -0.643 0.2566 0.2582     0.060     0.007
Pristine_190608.29-303835.1 Field286.0-31.1     6757607470873281024 286.53454166667 -30.64308333333 156.5490  0.983 4774.568  147.223 1.496 0.4325 -2.272 0.1498 -0.537 0.2718 0.4238     0.037    -0.068
Pristine_190155.13-305056.7 Field286.0-31.1     6760499014659496576 285.47970833333 -30.84908333333 123.5867  1.657 4735.261  147.303 1.932 0.3485 -1.536 0.1447 -0.296 0.2072 0.2080    -0.195    -0.147
Pristine_190553.43-313542.7 Field286.0-31.1     6757409902378719488 286.47262500000 -31.59519444444 154.1073  1.346 5041.714  146.269 2.056 0.4645 -2.053 0.1527 -0.089 0.2373 0.1341     0.115     0.062
Pristine_190153.06-304156.3 Field286.0-31.1     6760501144963342464 285.47108333333 -30.69897222222 156.1427  1.235 4758.681  170.096 2.109 0.4089 -1.581 0.1598 -0.665 0.2209 0.1389    -0.088    -0.001
Pristine_190538.53-305714.0 Field286.0-31.1     6757491472399603584 286.41054166667 -30.95388888889 142.4655  1.116 4608.051  164.240 1.331 0.3844 -1.700 0.1845 -0.405 0.2299 0.4216     0.067     0.014
Pristine_190600.50-311806.9 Field286.0-31.1     6757432575502494976 286.50208333333 -31.30191666667 170.6522  1.342 4629.337  161.420 1.546 0.3782 -1.912 0.1564 -0.366 0.2292 0.3706     0.086    -0.076
Pristine_190139.56-313555.7 Field286.0-31.1     6757084064669360384 285.41483333333 -31.59880555556 171.0792  1.481 4805.084  158.793 1.858 0.4101 -1.977 0.1523 -0.211 0.2241 0.2157    -0.173     0.012
Pristine_190039.03-305042.5 Field286.0-31.1     6760540074548647040 285.16262500000 -30.84513888889 138.8931  1.083 4982.688  139.623 2.326 0.3450 -1.511 0.1485 -0.365 0.2095 0.0614     0.307    -0.114
Pristine_190202.88-310051.1 Field286.0-31.1     6760480803998316928 285.51200000000 -31.01419444444 149.6263  1.248 4653.752  141.084 1.360 0.3373 -1.681 0.1554 -0.381 0.2164 0.4577     0.057    -0.076
Pristine_190210.88-302402.1 Field286.0-31.1     6760584810929296896 285.54533333333 -30.40058333333 128.7019  1.947 4932.607  160.317 2.401 0.4236 -1.893 0.1604 -0.333 0.2210 0.0505     0.176     0.142
Pristine_190636.22-314254.1 Field286.0-31.1     6757216869366073728 286.65091666667 -31.71502777778 147.0547  1.110 4800.033  157.535 1.798 0.3901 -1.712 0.1490 -0.191 0.2161 0.2355     0.059    -0.174
Pristine_190207.19-315027.9 Field286.0-31.1     6757060395122193792 285.52995833333 -31.84108333333 120.6290  1.468 4896.712  154.764 1.797 0.4199 -1.912 0.1517 -0.389 0.2406 0.2271     0.013    -0.339
Pristine_190409.05-311117.3 Field286.0-31.1     6757481336276881024 286.03770833333 -31.18813888889 148.9589  1.486 4939.584  177.738 2.036 0.5271 -2.120 0.1674 -0.159 0.2564 0.1674    -0.240    -0.235
Pristine_190249.45-311318.1 Field286.0-31.1     6757472157913470464 285.70604166667 -31.22169444444 139.1328  1.557 4852.488  144.954 1.438 0.3861 -1.756 0.1481 -0.280 0.2345 0.3852     0.112    -0.025
Pristine_190242.99-304208.1 Field286.0-31.1     6760522173124452480 285.67912500000 -30.70225000000 165.8062  1.318 4541.838  148.037 1.364 0.3511 -1.611 0.2715 -0.244 0.2120 0.3757    -0.269    -0.089
Pristine_190612.95-315228.5 Field286.0-31.1     6757191816814455168 286.55395833333 -31.87458333333 176.8806  1.710 4608.544  157.498 1.731 0.3633 -1.754 0.1549 -0.297 0.2120 0.2701     0.170     0.036
Pristine_190109.86-311742.0 Field286.0-31.1     6760096004974881792 285.29108333333 -31.29500000000 134.6864  1.586 4786.674  150.162 1.672 0.3788 -1.824 0.1469 -0.246 0.2208 0.3076     0.180     0.001
Pristine_190302.45-314212.9 Field286.0-31.1     6757065892680237824 285.76020833333 -31.70358333333 136.7416  1.812 4886.621  152.240 2.095 0.3811 -1.623 0.1522 -0.224 0.2128 0.1345    -0.094    -0.232
Pristine_190500.50-315122.7 Field286.0-31.1     6757374030810779264 286.25208333333 -31.85630555556 134.7178  1.920 4651.901  157.013 1.442 0.3609 -1.758 0.1559 -0.474 0.2280 0.4353    -0.030    -0.179
Pristine_190511.60-305903.3 Field286.0-31.1     6757491811685838336 286.29833333333 -30.98425000000 135.5435  2.432 5127.537  173.019 3.098 0.6285 -2.575 0.1946 -0.459 0.3008 0.0107     0.116    -0.094
Pristine_185030.87-300537.5 Field282.0-29.8_Sag 6761168720335254144 282.62862500000 -30.09375000000 139.3167  1.027 5023.555  157.139 2.207 0.5770 -2.375 0.1626  0.029 0.2389 0.1406    -0.211    -0.002
Pristine_185039.03-292936.2 Field282.0-29.8_Sag 6761479706003597312 282.66262500000 -29.49338888889 131.5209  0.775 4855.154  185.424 1.923 0.4551 -1.573 0.1583 -0.256 0.2381 0.1912    -0.107     0.281
Pristine_184431.86-293145.0 Field282.0-29.8_Sag 4071285193071973504 281.13275000000 -29.52916666667 137.4938  0.430 5038.878  187.775 2.355 0.6498 -2.223 0.1782 -0.399 0.2892 0.1077     0.488     0.042
Pristine_184937.42-302627.5 Field282.0-29.8_Sag 6761153464610907520 282.40591666667 -30.44097222222 143.5511  0.908 4840.978  181.978 1.938 0.6105 -2.382 0.2287 -0.844 0.3348 0.2568    -0.160    -0.284
Pristine_184530.98-293716.1 Field282.0-29.8_Sag 4071268326731087488 281.37908333333 -29.62113888889 136.8094  0.845 4787.206  155.748 2.475 0.3645 -1.678 0.1497 -0.381 0.2068 0.0432    -0.030    -0.214
Pristine_184750.96-302134.8 Field282.0-29.8_Sag 6761319112908264064 281.96233333333 -30.35966666667 166.4602  0.677 5059.689  160.659 2.062 0.4996 -1.902 0.1626 -0.345 0.2744 0.1701     0.022    -0.134
Pristine_184546.45-300433.3 Field282.0-29.8_Sag 6761399308540546304 281.44354166667 -30.07591666667 138.8423  0.880 4835.707  154.587 1.776 0.4087 -1.898 0.1478 -0.412 0.2355 0.2276     0.009    -0.257
Pristine_185041.90-291934.9 Field282.0-29.8_Sag 6761509706376438272 282.67458333333 -29.32636111111 124.3344  1.757 4969.059  180.833 2.468 0.4846 -1.981 0.1740 -0.308 0.2459 0.0573    -0.006    -0.098
Pristine_184356.09-292133.6 Field282.0-29.8_Sag 4071337733443253888 280.98370833333 -29.35933333333 120.0197  0.907 4975.926  155.994 1.988 0.4778 -1.975 0.1698 -0.718 0.2791 0.1984    -0.091    -0.063
Pristine_184529.01-290003.3 Field282.0-29.8_Sag 4071373433214045824 281.37087500000 -29.00091666667 118.4332  0.578 4709.750  167.882 1.515 0.4269 -1.828 0.1541 -0.394 0.2267 0.4157     0.239    -0.075
Pristine_185144.32-293038.8 Field282.0-29.8_Sag 6761491186477307776 282.93466666667 -29.51077777778 131.4541  1.484 4830.341  182.945 1.754 0.4440 -1.658 0.1577 -0.462 0.2483 0.2541    -0.018    -0.085
Pristine_184615.36-294250.4 Field282.0-29.8_Sag 6761415388898475776 281.56400000000 -29.71400000000 152.7353  0.644 4789.059  145.707 1.611 0.4202 -2.108 0.1478 -0.613 0.2411 0.3792    -0.206    -0.238
Pristine_184753.07-285512.8 Field282.0-29.8_Sag 4071421429429009920 281.97112500000 -28.92022222222 161.6382  0.774 4912.154  189.458 2.208 0.4727 -1.682 0.1670 -0.298 0.2434 0.0967     0.063    -0.239
Pristine_185040.89-292804.9 Field282.0-29.8_Sag 6761484177061526272 282.67037500000 -29.46802777778 148.6520  0.767 4858.729  149.047 1.966 0.3543 -1.539 0.1459 -0.643 0.2162 0.1980    -0.090     0.013
Pristine_185015.95-294156.2 Field282.0-29.8_Sag 6761471257828248832 282.56645833333 -29.69894444444 143.5778  1.002 4835.615  159.286 1.774 0.3995 -1.808 0.1566 -0.740 0.2344 0.2764     0.045    -0.101
Pristine_184542.36-301441.9 Field282.0-29.8_Sag 6737366904937848064 281.42650000000 -30.24497222222 149.0520  1.268 5193.375  150.713 1.840 0.4364 -1.530 0.1558 -0.210 0.2661 0.2179     0.072    -0.118
Pristine_184637.76-303500.1 Field282.0-29.8_Sag 6737306874146681088 281.65733333333 -30.58336111111 146.4512  2.067 4740.228  209.113 2.514 0.5033 -2.124 0.1819 -0.594 0.2245 0.0463    -0.002     0.015
Pristine_184813.16-300537.0 Field282.0-29.8_Sag 6761364639562801408 282.05483333333 -30.09361111111 158.5425  0.568 4810.814  154.330 1.538 0.4495 -2.034 0.1588 -0.714 0.2584 0.4136     0.211     0.033
Pristine_184618.94-302541.1 Field282.0-29.8_Sag 6737313819139308416 281.57891666667 -30.42808333333 173.3296  1.079 4961.880  164.532 2.070 0.4105 -1.619 0.1592 -0.611 0.2406 0.1379     0.023     0.022
Pristine_184529.89-294748.9 Field282.0-29.8_Sag 4071257327323552384 281.37454166667 -29.79691666667 161.9025  0.627 5062.340  144.642 1.911 0.4316 -1.813 0.1590 -0.595 0.2794 0.1755     0.017     0.012
Pristine_184653.95-291232.7 Field282.0-29.8_Sag 4071306225561762048 281.72479166667 -29.20908333333 138.2188  0.979 4839.684  159.926 2.016 0.4127 -1.927 0.1521 -0.447 0.2313 0.1622    -0.000    -0.205
Pristine_184619.61-295834.0 Field282.0-29.8_Sag 6761407447468891392 281.58170833333 -29.97611111111 133.5563  1.035 4919.237  149.328 1.598 0.4792 -2.124 0.1510  0.570 0.2460 0.2496    -0.056    -0.124
Pristine_184729.98-300534.9 Field282.0-29.8_Sag 6761344844028605824 281.87491666667 -30.09302777778 121.7217  0.781 5101.215  163.065 2.083 0.5941 -2.131 0.1655  0.348 0.2372 0.1338     0.050    -0.297
Pristine_184712.09-303246.1 Field282.0-29.8_Sag 6737296776708752000 281.80037500000 -30.54613888889 117.1448  1.649 4526.598  163.440 2.080 0.3920 -1.827 0.3729 -0.467 0.2215 0.1211    -0.415    -0.140
Pristine_184530.34-292823.5 Field282.0-29.8_Sag 4071283616852162048 281.37641666667 -29.47319444444 124.2937  0.894 4931.704  148.281 1.586 0.4424 -1.932 0.1715 -0.738 0.2927 0.3983     0.012    -0.099
Pristine_184749.06-295900.7 Field282.0-29.8_Sag 6761415968687274368 281.95441666667 -29.98352777778 129.0433  0.777 5240.060  147.382 2.162 0.4352 -1.640 0.1593 -0.443 0.2868 0.1062    -0.018    -0.131
Pristine_184957.04-291425.1 Field282.0-29.8_Sag 6761537434686446720 282.48766666667 -29.24030555556 123.9785  0.515 4748.818  152.380 1.635 0.4425 -2.231 0.1476 -0.452 0.2385 0.3613     0.115     0.199
Pristine_184817.53-321936.8 Field282.9-32.1     6736100198809380480 282.07304166667 -32.32688888889 166.5860  1.404 4718.595  179.519 1.716 0.4303 -1.747 0.1559 -0.202 0.2258 0.2532     0.407    -0.011
Pristine_185021.60-321825.5 Field282.9-32.1     6736149431994831488 282.59000000000 -32.30708333333 126.7657  1.359 4986.997  172.121 2.268 0.6030 -2.328 0.1651 -0.184 0.2498 0.1130    -0.277    -0.165
Pristine_185442.44-313418.7 Field282.9-32.1     6760224858313348352 283.67683333333 -31.57186111111 136.9814  0.866 4662.673  171.638 1.751 0.4049 -1.578 0.1526 -0.373 0.2167 0.2456    -0.058    -0.086
Pristine_185155.24-325354.8 Field282.9-32.1     6735915137253063936 282.98016666667 -32.89855555556 150.4803  1.842 4721.297  172.236 1.532 0.4181 -1.597 0.1575 -0.337 0.2277 0.3416     0.159     0.147
Pristine_184801.60-313240.9 Field282.9-32.1     6736992963572505984 282.00666666667 -31.54469444444 162.3085  1.354 4661.592  154.297 1.407 0.3638 -1.732 0.1583 -0.530 0.2281 0.4656    -0.317    -0.229
Pristine_184905.87-324202.2 Field282.9-32.1     6736040545989009536 282.27445833333 -32.70061111111 160.3368  2.312 5044.437  196.090 2.485 0.5162 -1.607 0.1873 -0.499 0.2474 0.0609    -0.151    -0.188
Pristine_185253.56-313446.3 Field282.9-32.1     6760216508896174720 283.22316666667 -31.57952777778 176.1346  1.259 4934.476  166.272 1.691 0.4842 -1.700 0.1965 -0.762 0.2791 0.3217     0.009     0.045
Pristine_184843.24-314626.8 Field282.9-32.1     6736974929031902464 282.18016666667 -31.77411111111 153.5760  1.154 4891.035  172.233 2.107 0.6997 -2.895 0.1699 -0.303 0.2962 0.1420     0.015    -0.371
Pristine_185210.30-315413.2 Field282.9-32.1     6736183692971769472 283.04291666667 -31.90366666667 168.3986  1.102 4701.245  145.261 1.546 0.3893 -2.286 0.1451 -0.229 0.2272 0.4101     0.100    -0.210
Pristine_184838.06-324029.6 Field282.9-32.1     6736038832314305152 282.15858333333 -32.67488888889 127.8750  1.430 4930.891  175.017 1.733 0.7700 -2.622 0.1742  0.185 0.2832 0.2752    -0.006    -0.151
Pristine_184846.43-321043.1 Field282.9-32.1     6736207126314774016 282.19345833333 -32.17863888889 151.5104  1.416 4867.444  169.024 1.743 0.4578 -1.806 0.1578 -0.143 0.2364 0.2564    -0.155    -0.106
Pristine_185226.18-324300.5 Field282.9-32.1     6735924135192138752 283.10908333333 -32.71680555556 147.7932  1.458 4815.153  160.746 1.831 0.4149 -1.817 0.1527 -0.533 0.2302 0.2501     0.196     0.060
Pristine_185240.61-315200.3 Field282.9-32.1     6760202421403074944 283.16920833333 -31.86675000000 134.0915  1.351 4603.936  183.456 1.600 0.4175 -1.660 0.1821 -0.509 0.2322 0.3462    -0.147    -0.005
Pristine_185152.61-314517.8 Field282.9-32.1     6736235610538373632 282.96920833333 -31.75494444444 142.9143  1.582 5007.302  152.746 1.658 0.4994 -1.975 0.1760 -0.641 0.3405 0.3777    -0.099    -0.063
Pristine_184805.43-314718.5 Field282.9-32.1     6736976303421547648 282.02262500000 -31.78847222222 150.4278  1.390 4990.560  170.997 1.766 0.5478 -2.034 0.1647 -0.154 0.2819 0.3076     0.056     0.049
Pristine_184759.63-315322.5 Field282.9-32.1     6736966644012267648 281.99845833333 -31.88958333333 117.8463  1.233 4770.927  160.314 1.840 0.4604 -2.265 0.1530 -0.573 0.2534 0.2562    -0.096    -0.082
Pristine_184930.67-315146.8 Field282.9-32.1     6736219324021644416 282.37779166667 -31.86300000000 151.3125  1.044 4549.801  142.167 1.539 0.3275 -1.615 0.2200 -0.562 0.2071 0.3803    -0.124     0.254
Pristine_185202.98-323959.1 Field282.9-32.1     6735935546937503488 283.01241666667 -32.66641666667 158.7161  1.882 5029.273  178.460 1.958 0.5142 -1.669 0.1780 -0.549 0.2769 0.2224     0.070    -0.241
Pristine_184941.08-322401.9 Field282.9-32.1     6736142216455159936 282.42116666667 -32.40052777778 176.9595  1.441 4598.774  166.063 1.650 0.3841 -1.736 0.1675 -0.332 0.2176 0.3214    -0.265    -0.247
Pristine_185147.31-322514.0 Field282.9-32.1     6736130435375940224 282.94712500000 -32.42055555556 174.3235  1.332 4626.871  185.722 1.255 0.4310 -1.843 0.1999 -0.472 0.2719 0.4927    -0.145    -0.184
Pristine_185158.74-314350.1 Field282.9-32.1     6736235674941974784 282.99475000000 -31.73058333333 175.6981  2.019 5183.071  153.744 1.905 0.4511 -1.517 0.1594  0.143 0.2388 0.1438     0.042    -0.066
Pristine_184859.13-323036.5 Field282.9-32.1     6736047422248989440 282.24637500000 -32.51013888889 157.9213  2.102 5137.015  172.420 2.600 0.6090 -2.204 0.1805  0.031 0.2455 0.0622    -0.127    -0.247
Pristine_184801.48-320937.1 Field282.9-32.1     6736117206880391040 282.00616666667 -32.16030555556 150.4693  1.394 4552.007  160.292 1.308 0.3844 -2.013 0.2459 -0.756 0.2326 0.5516     0.313     0.014
Pristine_185309.31-315727.9 Field282.9-32.1     6760189124184271872 283.28879166667 -31.95775000000 166.0877  0.916 4532.516  131.530 1.390 0.3140 -1.616 0.2697 -0.418 0.2049 0.4324     0.084     0.209
Pristine_184940.64-320550.9 Field282.9-32.1     6736202796987316096 282.41933333333 -32.09747222222 174.6703  1.769 4803.693  158.371 1.977 0.3859 -1.692 0.1510 -0.377 0.2155 0.1569     0.236     0.112
Pristine_185217.75-322433.8 Field282.9-32.1     6735966401983905536 283.07395833333 -32.40938888889 134.5756  1.038 4521.778  145.596 1.477 0.3393 -1.797 0.4171 -0.489 0.2110 0.4136    -0.051    -0.225
Pristine_185408.83-315541.6 Field282.9-32.1     6759999767663630208 283.53679166667 -31.92822222222 149.7235  4.414 4644.931  159.426 1.603 0.3652 -1.833 0.1513 -0.382 0.2225 0.3162     0.232     0.084
Pristine_184958.86-313503.4 Field282.9-32.1     6736250247787393664 282.49525000000 -31.58427777778 144.9453  1.176 4752.674  154.437 1.665 0.3670 -1.530 0.1474 -0.481 0.2172 0.2806     0.038    -0.148
Pristine_185221.02-321458.0 Field282.9-32.1     6736157510850761984 283.08758333333 -32.24944444444 167.1406  1.081 4778.893  164.260 1.784 0.4036 -1.738 0.1510 -0.236 0.2220 0.2498     0.174     0.008
Pristine_184944.56-314531.2 Field282.9-32.1     6736246605655051136 282.43566666667 -31.75866666667 146.4614  1.610 4857.238  156.606 1.407 0.4152 -1.609 0.1562 -0.247 0.2377 0.3856     0.099    -0.114
Pristine_184743.42-321453.2 Field282.9-32.1     6736114801698619392 281.93091666667 -32.24811111111 141.4585  1.255 4543.224  142.717 1.129 0.3384 -1.780 0.3047 -0.299 0.2244 0.5072    -0.327    -0.007
Pristine_184944.93-315345.4 Field282.9-32.1     6736218323270721920 282.43720833333 -31.89594444444 147.2698  1.428 4571.298  162.107 1.835 0.3692 -1.510 0.1901 -0.459 0.2097 0.2269    -0.099     0.085
Pristine_184757.22-321849.2 Field282.9-32.1     6736111434436241152 281.98841666667 -32.31366666667 154.6439  2.391 5192.820  159.444 2.820 0.5929 -2.406 0.1771  0.250 0.2289 0.0363     0.072    -0.161
Pristine_185223.21-313314.9 Field282.9-32.1     6760258737016560000 283.09670833333 -31.55413888889 149.6083  0.988 4527.416  144.692 1.555 0.3578 -1.575 0.3797 -0.744 0.2098 0.3870     0.271     0.400
Pristine_185357.47-321002.0 Field282.9-32.1     6759992513442845184 283.48945833333 -32.16722222222 128.1614  0.959 4908.161  170.927 1.963 0.4690 -1.779 0.1593 -0.312 0.2346 0.1742    -0.111    -0.216
Pristine_185322.40-322040.7 Field282.9-32.1     6735970215914603392 283.34333333333 -32.34463888889 173.6357  1.243 4679.403  205.962 1.870 0.4852 -1.889 0.1698 -0.598 0.2524 0.2671    -0.029     0.171
Pristine_184907.83-312839.7 Field282.9-32.1     6737005848474532864 282.28262500000 -31.47769444444 168.6298  1.696 4758.410  186.498 1.704 0.4625 -1.797 0.1618 -0.213 0.2370 0.2755     0.207     0.124
Pristine_184736.30-320449.0 Field282.9-32.1     6736869234154244992 281.90125000000 -32.08027777778 131.4876  1.577 4768.187  168.720 1.621 0.4158 -1.613 0.1679 -0.707 0.2431 0.3654    -0.299    -0.230
Pristine_184922.79-313947.9 Field282.9-32.1     6736998671612194688 282.34495833333 -31.66330555556 111.6468  1.640 4796.650  193.070 2.264 0.4775 -1.581 0.1736 -0.407 0.2241 0.0731    -0.083     0.004
Pristine_185023.41-310859.9 Field282.9-32.1     6761036705893045120 282.59754166667 -31.14997222222 163.4443  2.212 4591.829  159.216 1.614 0.3514 -1.889 0.1620 -0.508 0.2224 0.3524     0.101     0.015
Pristine_185403.68-312812.4 Field282.9-32.1     6760238632250044288 283.51533333333 -31.47011111111 156.0836  0.824 4664.118  181.826 1.845 0.4262 -1.762 0.1607 -0.633 0.2294 0.2563     0.074    -0.090
Pristine_185002.57-313824.2 Field282.9-32.1     6736249075236884352 282.51070833333 -31.64005555556 176.8015  1.630 4807.601  163.748 1.850 0.4067 -1.715 0.1541 -0.451 0.2265 0.2585    -0.089    -0.148
Pristine_185128.78-312834.2 Field282.9-32.1     6760273339905849088 282.86991666667 -31.47616666667 143.6964  1.283 4739.226  159.379 1.765 0.3829 -1.806 0.1465 -0.338 0.2174 0.2477     0.131    -0.324
Pristine_184706.85-315239.0 Field282.9-32.1     6736980529669842688 281.77854166667 -31.87750000000 162.7681  1.742 5188.525  164.172 2.456 0.4702 -1.678 0.1762 -0.555 0.2865 0.0594     0.051    -0.167
Pristine_184923.83-315216.6 Field282.9-32.1     6736218980424272640 282.34929166667 -31.87127777778 132.9229  2.677 4946.470  158.721 2.052 0.4316 -1.774 0.1562 -0.208 0.2248 0.1259    -0.027     0.031
Pristine_185207.34-315424.6 Field282.9-32.1     6736183658612039936 283.03058333333 -31.90683333333 161.8191  1.834 4671.981  172.544 1.952 0.3975 -1.671 0.1540 -0.404 0.2186 0.1839     0.154    -0.084
Pristine_184919.47-315657.2 Field282.9-32.1     6736217056278884352 282.33112500000 -31.94922222222 155.0404  1.061 4539.422  121.993 1.023 0.2509 -1.554 0.3242 -0.382 0.2214 0.5028    -0.148    -0.110
Pristine_185250.41-312737.7 Field282.9-32.1     6760264608212277888 283.21004166667 -31.46047222222 149.5246  1.769 4940.624  188.321 1.870 0.6106 -2.079 0.1728  0.029 0.2613 0.2025    -0.099    -0.115
Pristine_184926.92-323123.8 Field282.9-32.1     6736046597615116672 282.36216666667 -32.52327777778 193.5364  1.443 4541.966  178.634 1.810 0.3803 -1.995 0.2661 -0.541 0.2198 0.2706     0.223    -0.152
Pristine_185434.97-320050.2 Field282.9-32.1     6760001176412841088 283.64570833333 -32.01394444444 169.9238  1.299 5040.291  149.152 1.799 0.5053 -2.067 0.1602 -0.436 0.3028 0.2660    -0.274    -0.329
Pristine_185214.32-325343.4 Field282.9-32.1     6735914553137040128 283.05966666667 -32.89538888889 173.6692  3.013 4882.089  172.957 1.462 0.5246 -1.971 0.1724 -0.562 0.3358 0.4124     0.023    -0.012
Pristine_185432.22-315822.1 Field282.9-32.1     6760004234429573248 283.63425000000 -31.97280555556 156.1892  0.878 4594.807  152.856 1.335 0.3564 -1.753 0.1755 -0.188 0.2184 0.4061     0.114    -0.036
Pristine_184905.74-321555.2 Field282.9-32.1     6736193932174595328 282.27391666667 -32.26533333333 166.2027  1.741 4771.438  150.664 1.651 0.3698 -1.682 0.1468 -0.371 0.2188 0.2958     0.260     0.080
Pristine_184700.26-321851.7 Field282.9-32.1     6736109402901025792 281.75108333333 -32.31436111111 162.3721  1.792 4822.748  190.493 1.598 0.6044 -2.273 0.1690 -0.236 0.3043 0.3444     0.173     0.069
Pristine_185003.39-313353.3 Field282.9-32.1     6736256157662393728 282.51412500000 -31.56480555556 116.9515  1.119 4624.207  144.332 1.701 0.3320 -1.653 0.1465 -0.359 0.2066 0.2715    -0.101     0.120
Pristine_185543.48-322002.3 Field282.9-32.1     6759928196325966208 283.93116666667 -32.33397222222 154.6957  1.279 4753.732  169.579 1.621 0.4543 -2.036 0.1551 -0.325 0.2457 0.2937     0.050     0.176
Pristine_184921.25-313135.8 Field282.9-32.1     6737004783322541312 282.33854166667 -31.52661111111 176.2820  1.538 4677.979  163.075 1.920 0.3799 -1.613 0.1494 -0.261 0.2108 0.1705    -0.057     0.059
Pristine_185329.98-321456.7 Field282.9-32.1     6735975507314366848 283.37491666667 -32.24908333333 158.2691  1.708 4706.324  158.669 1.572 0.3841 -1.733 0.1507 -0.300 0.2220 0.3325    -0.033    -0.239
Pristine_184925.97-314730.4 Field282.9-32.1     6736246296417432320 282.35820833333 -31.79177777778 124.1193  1.868 5019.700  158.833 2.437 0.4478 -1.926 0.1624 -0.253 0.2249 0.0441     0.033    -0.046
Pristine_185002.68-320828.9 Field282.9-32.1     6736199395373138048 282.51116666667 -32.14136111111 145.4934  1.865 4899.332  172.338 2.447 0.4342 -1.591 0.1680 -0.475 0.2198 0.0581     0.008     0.039
Pristine_184831.99-321854.2 Field282.9-32.1     6736100366289835904 282.13329166667 -32.31505555556 187.5862  1.380 4549.863  137.785 1.214 0.3359 -2.063 0.2041  0.279 0.2198 0.4122    -0.302     0.080
Pristine_185244.49-322153.9 Field282.9-32.1     6735967192257751808 283.18537500000 -32.36497222222 151.8061  1.436 4620.024  154.769 1.547 0.3586 -1.529 0.1575 -0.330 0.2124 0.3576     0.092     0.141
Pristine_184750.74-323919.5 Field282.9-32.1     6736085286674294656 281.96141666667 -32.65541666667 165.2994  1.724 4865.779  180.469 2.089 0.4649 -1.754 0.1677 -0.516 0.2365 0.1573    -0.054    -0.076
Pristine_184729.89-322516.6 Field282.9-32.1     6736104699935209600 281.87454166667 -32.42127777778 119.8712  1.407 4787.281  169.488 1.841 0.4318 -1.956 0.1557 -0.497 0.2386 0.2536     0.059    -0.055
Pristine_185026.69-310848.2 Field282.9-32.1     6761036744575518592 282.61120833333 -31.14672222222 146.5223  2.347 5095.709  157.185 2.631 0.4266 -1.785 0.1656 -0.277 0.2302 0.0200    -0.159    -0.071
Pristine_184942.69-324031.9 Field282.9-32.1     6736029864422286976 282.42787500000 -32.67552777778 150.3214  2.417 4952.277  176.596 1.897 0.5643 -2.087 0.1654 -0.217 0.2659 0.2420     0.173     0.073
Pristine_185347.87-314747.6 Field282.9-32.1     6760197812879213056 283.44945833333 -31.79655555556 166.1393  1.277 4547.099  158.791 1.314 0.3902 -2.084 0.2445 -0.606 0.2342 0.5191     0.094     0.058
Pristine_185000.35-320033.4 Field282.9-32.1     6736204991692111744 282.50145833333 -32.00927777778 145.7461  1.459 4652.885  156.788 1.586 0.3673 -1.807 0.1522 -0.471 0.2224 0.3481     0.048    -0.117
Pristine_185009.23-314737.1 Field282.9-32.1     6736244028666241152 282.53845833333 -31.79363888889 167.4819  1.523 4783.869  150.555 1.891 0.3951 -2.036 0.1481 -0.479 0.2251 0.2573     0.008    -0.087
Pristine_185510.29-322630.3 Field282.9-32.1     6759926306540144896 283.79287500000 -32.44175000000 155.9537  1.127 4850.920  154.720 1.771 0.4055 -1.700 0.1675 -0.757 0.2369 0.2665    -0.328     0.032
Pristine_184819.40-313812.8 Field282.9-32.1     6736979735073032192 282.08083333333 -31.63688888889 142.9172  1.558 4868.950  179.694 2.067 0.4641 -1.632 0.1773 -0.721 0.2400 0.1790    -0.185    -0.101
Pristine_185120.89-323220.1 Field282.9-32.1     6736127716645992832 282.83704166667 -32.53891666667 155.6941  1.570 5238.140  165.988 2.893 0.6589 -2.431 0.1882 -0.278 0.3076 0.0407    -0.137     0.048
Pristine_185219.80-321827.6 Field282.9-32.1     6736156097786496000 283.08250000000 -32.30766666667 171.7553  1.961 4700.854  171.503 2.136 0.3991 -1.742 0.1538 -0.168 0.2101 0.1131    -0.198    -0.234
Pristine_185500.39-314930.7 Field282.9-32.1     6760007258086323968 283.75162500000 -31.82519444444 139.6403  0.900 4655.292  223.960 1.951 0.5219 -1.850 0.1716 -0.395 0.2459 0.1963    -0.079    -0.284
Pristine_185106.36-315928.9 Field282.9-32.1     6736179256251234560 282.77650000000 -31.99136111111 142.3120  1.311 4545.775  150.655 1.692 0.3378 -1.781 0.2272 -0.478 0.2083 0.2772    -0.161    -0.086
Pristine_185411.06-321508.5 Field282.9-32.1     6759991035973944704 283.54608333333 -32.25236111111 179.3233  0.974 4719.642  158.354 1.909 0.3734 -1.718 0.1500 -0.586 0.2179 0.2108    -0.027    -0.068
Pristine_185402.31-324931.6 Field282.9-32.1     6735891738269906048 283.50962500000 -32.82544444444 131.0339  2.571 4781.584  222.808 1.868 0.5677 -1.890 0.1791 -0.306 0.2595 0.2206    -0.084    -0.082
Pristine_185327.21-294246.5 Field284.0-30.0_Sag 6761283580615061504 283.36337500000 -29.71291666667 127.8260  0.672 4917.576  164.437 2.205 0.4690 -2.074 0.1592 -0.391 0.2450 0.1154     0.247    -0.049
Pristine_185351.41-303417.7 Field284.0-30.0_Sag 6761172018865797504 283.46420833333 -30.57158333333 141.5754  0.882 5067.944  160.867 1.951 0.7085 -2.474 0.1672  0.250 0.2591 0.1901    -0.095    -0.272
Pristine_185500.15-300935.6 Field284.0-30.0_Sag 6761208577628672896 283.75062500000 -30.15988888889 126.2159  0.677 4851.245  155.571 1.811 0.4559 -2.086 0.1509 -0.285 0.2468 0.2570     0.223     0.127
Pristine_185352.68-293047.9 Field284.0-30.0_Sag 6761304059015085440 283.46950000000 -29.51330555556 154.8559  0.844 5057.529  156.757 2.187 0.4433 -1.792 0.1626 -0.524 0.2675 0.1391    -0.242    -0.040
Pristine_185358.90-292006.2 Field284.0-30.0_Sag 6761684837956596608 283.49541666667 -29.33505555556 157.2572  0.932 4957.600  185.379 2.235 0.6543 -2.305 0.1784 -0.370 0.2973 0.1192     0.090    -0.041
Pristine_185346.07-294646.9 Field284.0-30.0_Sag 6761279491806055808 283.44195833333 -29.77969444444 171.8532  0.816 4791.299  162.273 1.893 0.3816 -1.758 0.1503 -0.400 0.2229 0.2130    -0.063    -0.259
Pristine_185621.35-294631.7 Field284.0-30.0_Sag 6761598728133165952 284.08895833333 -29.77547222222 148.3243  1.055 5002.358  172.293 2.051 0.5282 -2.008 0.1706  0.024 0.2513 0.1507     0.119     0.103
Pristine_185745.12-300741.8 Field284.0-30.0_Sag 6760824607544140416 284.43800000000 -30.12827777778 149.0509  0.724 4959.778  153.879 2.284 0.3718 -1.551 0.1511 -0.448 0.2216 0.0663     0.078    -0.230
Pristine_185156.69-302820.5 Field284.0-30.0_Sag 6761097492594641280 282.98620833333 -30.47236111111 157.9706  1.223 5414.804  208.867 3.116 0.8648 -2.529 0.2083  0.571 0.2806 0.0170    -0.164     0.125
Pristine_185459.01-303014.9 Field284.0-30.0_Sag 6760425789749212544 283.74587500000 -30.50413888889 140.5412  0.878 4911.299  159.047 1.719 0.4225 -1.771 0.1727 -0.766 0.2611 0.3239     0.145    -0.128
Pristine_185407.21-294120.9 Field284.0-30.0_Sag 6761286093201090176 283.53004166667 -29.68913888889 164.9202  0.712 4930.755  180.189 2.215 0.6731 -2.543 0.1775 -0.300 0.2845 0.1658    -0.001     0.156
Pristine_185538.63-302704.3 Field284.0-30.0_Sag 6760449021254080256 283.91095833333 -30.45119444444 139.3203  0.776 5073.021  164.462 2.024 0.7746 -2.750 0.1703 -0.082 0.3094 0.2058    -0.000     0.126
Pristine_185836.54-295226.4 Field284.0-30.0_Sag 6760857764692798208 284.65225000000 -29.87400000000 168.6121  2.335 4719.599  187.410 1.896 0.4571 -1.836 0.1589 -0.529 0.2247 0.2233    -0.055    -0.188
Pristine_185500.57-300242.3 Field284.0-30.0_Sag 6761213280588337920 283.75237500000 -30.04508333333 139.5078  0.820 4806.267  160.543 2.130 0.3833 -1.675 0.1495 -0.295 0.2154 0.1141     0.239    -0.052
Pristine_185511.87-302433.8 Field284.0-30.0_Sag 6760452899579012480 283.79945833333 -30.40938888889 143.6221  0.718 4802.573  156.534 1.760 0.3833 -1.736 0.1489 -0.269 0.2240 0.2171     0.016     0.062
Pristine_185455.80-293144.2 Field284.0-30.0_Sag 6761664045997252352 283.73250000000 -29.52894444444 145.0694  0.747 4904.708  155.765 1.813 0.4433 -1.957 0.1519 -0.262 0.2507 0.2501     0.011    -0.129
Pristine_185527.70-293659.7 Field284.0-30.0_Sag 6761616354682848128 283.86541666667 -29.61658333333 149.4788  0.785 4589.864  151.094 1.359 0.3808 -1.975 0.1748 -0.682 0.2213 0.5156    -0.065    -0.024
Pristine_185608.95-300417.2 Field284.0-30.0_Sag 6760465135971688192 284.03729166667 -30.07144444444 106.6759  0.658 4515.498  118.752 1.113 0.3268 -1.974 0.3565 -0.704 0.2186 0.6164     0.368     0.238
Pristine_185628.19-291451.7 Field284.0-30.0_Sag 6761698032096758912 284.11745833333 -29.24769444444 170.9286  1.315 5111.389  180.032 1.901 0.6738 -2.061 0.1891 -0.399 0.3958 0.2222     0.091    -0.147
Pristine_185453.61-292319.5 Field284.0-30.0_Sag 6761669788390945536 283.72337500000 -29.38875000000 159.3821  0.605 4797.897  158.663 1.685 0.4605 -2.140 0.1517 -0.534 0.2535 0.3305    -0.027    -0.170
Pristine_185835.05-300131.0 Field284.0-30.0_Sag 6760829963345975168 284.64604166667 -30.02527777778 160.1818  2.809 4842.506  161.962 1.538 0.3970 -1.615 0.1569 -0.650 0.2422 0.3974     0.041     0.282
Pristine_185604.00-294601.0 Field284.0-30.0_Sag 6761599587130145792 284.01666666667 -29.76694444444 124.3030  0.718 4927.143  165.257 1.847 0.4237 -1.644 0.1530 -0.419 0.2480 0.2092    -0.093    -0.154
Pristine_185129.80-301308.3 Field284.0-30.0_Sag 6761150952025038720 282.87416666667 -30.21897222222 133.3078  1.240 5385.982  143.732 2.467 0.4766 -1.726 0.1593 -0.244 0.2710 0.0578     0.001    -0.290
Pristine_185627.93-292902.6 Field284.0-30.0_Sag 6761621783515780608 284.11637500000 -29.48405555556 158.4434  0.550 4798.878  176.032 1.726 0.5045 -2.025 0.1681 -0.750 0.2542 0.2926     0.136     0.096
Pristine_185536.14-295909.6 Field284.0-30.0_Sag 6761220294299962880 283.90058333333 -29.98600000000 135.1387  0.715 4877.034  170.670 1.970 0.6141 -2.519 0.1698 -0.458 0.3191 0.2235     0.356     0.335
Pristine_185452.25-293008.1 Field284.0-30.0_Sag 6761664355234925312 283.71770833333 -29.50225000000 153.0668  0.636 4928.810  148.023 1.688 0.4861 -2.112 0.1612 -0.660 0.3096 0.3155    -0.235    -0.196
Pristine_185639.36-295605.7 Field284.0-30.0_Sag 6760841924852555008 284.16400000000 -29.93491666667 144.7183  2.978 4859.872  171.666 1.491 0.4354 -1.800 0.1605 -0.574 0.2917 0.4167     0.005     0.134
Pristine_185622.86-303230.0 Field284.0-30.0_Sag 6760434177846936704 284.09525000000 -30.54166666667 132.5923  0.858 4622.214  153.421 1.324 0.3892 -2.013 0.1675 -0.645 0.2270 0.5491     0.446    -0.020
Pristine_185254.41-293252.0 Field284.0-30.0_Sag 6761300489931373952 283.22670833333 -29.54777777778 132.2266  1.257 5187.223  193.344 2.649 0.5766 -1.825 0.1980 -0.567 0.3628 0.0445     0.066    -0.125
Pristine_185642.15-301456.4 Field284.0-30.0_Sag 6760447676896445440 284.17562500000 -30.24900000000 152.2687  0.753 5043.961  147.010 1.849 0.4265 -1.753 0.1578 -0.548 0.2792 0.2193    -0.154    -0.173
Pristine_185809.20-291917.1 Field284.0-30.0_Sag 6761640926209721856 284.53833333333 -29.32141666667 121.9668  0.946 5363.981  143.648 2.304 0.4434 -1.737 0.1964 -0.552 0.4279 0.0773     0.305    -0.100
Pristine_185734.24-292310.9 Field284.0-30.0_Sag 6761635012017546112 284.39266666667 -29.38636111111 150.9707  0.709 4801.583  172.958 2.031 0.4219 -1.667 0.1522 -0.452 0.2206 0.1774    -0.093    -0.255
Pristine_185447.33-290905.1 Field284.0-30.0_Sag 6761693737128819584 283.69720833333 -29.15141666667 127.7318  0.720 4990.078  176.613 2.403 0.5276 -2.095 0.1715 -0.141 0.2400 0.0739     0.099    -0.193
Pristine_185606.98-292950.2 Field284.0-30.0_Sag 6761623265303372032 284.02908333333 -29.49727777778 108.2950  0.779 4863.920  179.707 2.066 0.4545 -1.842 0.1635 -0.667 0.2472 0.1718    -0.111     0.104
Pristine_185341.70-295628.4 Field284.0-30.0_Sag 6761228884234332928 283.42375000000 -29.94122222222 127.6890  0.669 5177.529  159.524 2.908 0.4236 -1.705 0.1655 -0.150 0.2319 0.0171     0.154    -0.220
Pristine_185435.48-301609.2 Field284.0-30.0_Sag 6761206241166460416 283.64783333333 -30.26922222222 152.2653  1.110 5158.074  146.804 2.069 0.5733 -2.285 0.1593 -0.143 0.2832 0.1824     0.163    -0.008
Pristine_185618.94-300227.1 Field284.0-30.0_Sag 6760465647042220032 284.07891666667 -30.04086111111 166.7718  0.569 4799.636  153.273 1.617 0.4041 -1.882 0.1498 -0.624 0.2347 0.3833    -0.199    -0.027
Pristine_185855.01-301522.2 Field284.0-30.0_Sag 6760775163878990976 284.72920833333 -30.25616666667 120.7234  1.608 4606.246  146.870 1.457 0.3952 -2.634 0.1493  0.569 0.2351 0.3964    -0.075    -0.023
Pristine_185253.12-292313.0 Field284.0-30.0_Sag 6761496099920076800 283.22133333333 -29.38694444444 168.5762  0.693 4623.481  151.969 1.435 0.3975 -2.058 0.1638 -0.742 0.2205 0.4679     0.067     0.065
Pristine_185530.48-302859.6 Field284.0-30.0_Sag 6760448712016436352 283.87700000000 -30.48322222222 141.1174  0.658 4518.031  122.810 1.085 0.3293 -1.839 0.4260 -0.857 0.2135 0.6308     0.045     0.003
Pristine_185632.12-300727.4 Field284.0-30.0_Sag 6760461352074895872 284.13383333333 -30.12427777778 158.9405  1.133 4818.159  168.737 1.453 0.8438 -3.250 0.1872  0.016 0.3690 0.3436    -0.088    -0.072
Pristine_185828.20-300404.9 Field284.0-30.0_Sag 6760827661243389696 284.61750000000 -30.06802777778 125.8913  3.240 4792.704  188.381 2.026 0.4423 -1.542 0.1594 -0.502 0.2271 0.1876     0.017     0.024
Pristine_185454.74-302325.2 Field284.0-30.0_Sag 6760430462669882496 283.72808333333 -30.39033333333 144.4346  0.679 5208.722  139.537 2.132 0.4344 -1.777 0.1551 -0.462 0.2886 0.1211    -0.026    -0.055
Pristine_185759.51-294229.7 Field284.0-30.0_Sag 6760875112042924288 284.49795833333 -29.70825000000 156.5697  0.672 4702.063  192.412 2.011 0.4853 -1.650 0.1569 -0.489 0.2220 0.2030    -0.118    -0.051
Pristine_185501.81-300953.8 Field284.0-30.0_Sag 6761208573303048960 283.75754166667 -30.16494444444 162.0027  0.830 4964.849  151.508 1.838 0.5207 -2.184 0.1538  0.184 0.2354 0.2159    -0.015     0.151
Pristine_185541.38-303137.6 Field284.0-30.0_Sag 6760436411230045312 283.92241666667 -30.52711111111 138.3894  0.968 5252.854  158.600 2.612 0.5232 -1.940 0.1680 -0.376 0.2859 0.0461    -0.074     0.075
Pristine_185523.72-302718.3 Field284.0-30.0_Sag 6760449532333255936 283.84883333333 -30.45508333333 147.5341  0.840 4828.255  162.988 1.851 0.4004 -1.712 0.1527 -0.600 0.2319 0.2559     0.099    -0.039
Pristine_185622.81-293741.5 Field284.0-30.0_Sag 6761606669549604096 284.09504166667 -29.62819444444 142.6082  0.596 4886.139  157.855 1.992 0.4689 -2.074 0.1557 -0.152 0.2393 0.1627     0.321     0.085
Pristine_185645.09-294631.0 Field284.0-30.0_Sag 6761601786149880064 284.18787500000 -29.77527777778 125.7465  0.801 5102.969  165.747 2.289 0.4440 -1.566 0.1620 -0.118 0.2446 0.0796    -0.022    -0.022
Pristine_185658.10-295032.7 Field284.0-30.0_Sag 6760844192595297408 284.24208333333 -29.84241666667 156.3241  1.259 5230.403  148.190 2.108 0.4538 -1.694 0.1658 -0.508 0.3150 0.1538    -0.060     0.036
Pristine_185823.49-301709.9 Field284.0-30.0_Sag 6760772101545992064 284.59787500000 -30.28608333333 133.2812  1.582 5190.056  155.362 2.008 0.5148 -1.864 0.1717 -0.461 0.3550 0.2108     0.009    -0.094
Pristine_185601.88-294637.1 Field284.0-30.0_Sag 6761598113974709888 284.00783333333 -29.77697222222 120.7332  0.715 4837.037  152.418 2.003 0.3689 -1.753 0.1475 -0.627 0.2203 0.1628    -0.083    -0.135
Pristine_185808.41-300226.5 Field284.0-30.0_Sag 6760831204613902976 284.53504166667 -30.04069444444 136.3385  3.036 4843.695  181.607 1.572 0.4837 -1.822 0.1555 -0.483 0.2612 0.3587    -0.041     0.019
Pristine_185857.12-293600.1 Field284.0-30.0_Sag 6760879789285217280 284.73800000000 -29.60002777778 129.7719  1.174 5197.730  206.466 2.553 0.7046 -2.183 0.1966 -0.049 0.2813 0.0882     0.073    -0.075
Pristine_185455.31-302944.5 Field284.0-30.0_Sag 6760428641607546496 283.73045833333 -30.49569444444 127.9340  0.796 4845.527  180.779 1.773 0.4742 -1.841 0.1758 -0.771 0.2573 0.2738    -0.023    -0.064
Pristine_185156.94-302322.7 Field284.0-30.0_Sag 6761099068819836544 282.98725000000 -30.38963888889 159.9384  1.329 4873.607  204.963 2.053 0.4982 -1.556 0.1740 -0.235 0.2538 0.1277     0.119    -0.049
Pristine_185407.19-291100.1 Field284.0-30.0_Sag 6761688411369490432 283.52995833333 -29.18336111111 145.0132  0.652 5115.799  173.522 2.330 0.5432 -1.832 0.1739 -0.124 0.2645 0.0777    -0.327    -0.057
Pristine_185840.89-292603.9 Field284.0-30.0_Sag 6760885866647494656 284.67037500000 -29.43441666667 129.8046  1.129 4865.275  191.197 1.793 0.4899 -1.803 0.1699 -0.679 0.2739 0.2912    -0.117     0.084
Pristine_185236.11-301731.3 Field284.0-30.0_Sag 6761194215257266304 283.15045833333 -30.29202777778 136.4226  0.685 4840.428  164.248 1.877 0.4272 -1.920 0.1532 -0.411 0.2402 0.2763     0.032     0.132
Pristine_185806.98-301915.9 Field284.0-30.0_Sag 6760770486638240640 284.52908333333 -30.32108333333 161.5997  1.457 4888.133  166.619 1.429 0.6766 -2.662 0.1721  0.001 0.3378 0.3969     0.259     0.274
Pristine_185300.70-302812.5 Field284.0-30.0_Sag 6761176107675342208 283.25291666667 -30.47013888889 169.4368  0.879 5055.705  174.271 1.938 0.5351 -1.819 0.2055 -0.713 0.3523 0.2482     0.033    -0.020
Pristine_185432.57-293506.9 Field284.0-30.0_Sag 6761288322259156224 283.63570833333 -29.58525000000 127.5903  0.932 4564.986  158.747 1.364 0.3843 -1.895 0.1996 -0.342 0.2212 0.4521     0.301     0.299
Pristine_185342.65-294908.9 Field284.0-30.0_Sag 6761278774576508800 283.42770833333 -29.81913888889 147.8572  0.784 5467.395  143.648 2.293 0.4606 -1.712 0.1707 -0.363 0.3633 0.0742    -0.075     0.039
Pristine_185711.53-295917.2 Field284.0-30.0_Sag 6760838965597547264 284.29804166667 -29.98811111111 135.7028  3.602 5205.012  143.266 1.832 0.4660 -1.802 0.1652 -0.460 0.3459 0.2318     0.176     0.106
Pristine_185704.51-301021.6 Field284.0-30.0_Sag 6760823641153762816 284.26879166667 -30.17266666667 138.1860  0.404 4960.004  134.765 1.866 0.5002 -2.400 0.1467 -0.465 0.2836 0.2827    -0.094    -0.041
Pristine_185639.84-294359.5 Field284.0-30.0_Sag 6761602164107026944 284.16600000000 -29.73319444444 164.9978  0.644 4834.345  161.132 1.920 0.3880 -1.664 0.1484 -0.411 0.2249 0.1712     0.002     0.117
Pristine_185352.27-300127.5 Field284.0-30.0_Sag 6761227093204495872 283.46779166667 -30.02430555556 145.7537  0.752 4919.019  145.526 1.848 0.4411 -2.033 0.1487  0.083 0.2267 0.1893    -0.118    -0.085
Pristine_185625.60-294551.3 Field284.0-30.0_Sag 6761599037370815872 284.10666666667 -29.76425000000 133.3648  0.932 4978.090  152.235 1.742 0.3985 -1.645 0.1488 -0.333 0.2446 0.2637     0.186     0.222
Pristine_185500.10-303408.0 Field284.0-30.0_Sag 6760423079650008192 283.75041666667 -30.56888888889 145.0822  0.743 4748.268  166.370 1.700 0.4078 -1.872 0.1512 -0.321 0.2253 0.3046     0.059    -0.080
Pristine_185734.02-300213.2 Field284.0-30.0_Sag 6760826458652642560 284.39175000000 -30.03700000000 137.3257  1.010 4963.638  159.035 1.943 0.4258 -1.758 0.1559 -0.529 0.2543 0.1572    -0.142    -0.111
Pristine_185507.48-303038.4 Field284.0-30.0_Sag 6760425553551199488 283.78116666667 -30.51066666667 139.0154  1.030 5475.803  161.012 2.486 0.5473 -1.610 0.1708  0.073 0.2579 0.0675    -0.065    -0.139
Pristine_185510.12-295742.6 Field284.0-30.0_Sag 6761220015096180096 283.79216666667 -29.96183333333 137.1122  0.505 5031.700  135.586 1.788 0.5433 -2.402 0.1467  0.105 0.2396 0.2157    -0.072    -0.252
Pristine_185129.00-300942.8 Field284.0-30.0_Sag 6761245956700629504 282.87083333333 -30.16188888889 138.0234  0.698 4974.471  152.660 1.863 0.7956 -2.932 0.1660 -0.180 0.3193 0.2416     0.075     0.028
Pristine_185506.75-303105.7 Field284.0-30.0_Sag 6760425480507621376 283.77812500000 -30.51825000000 148.5018  1.336 4841.244  237.654 1.982 0.6273 -1.900 0.1947 -0.613 0.3017 0.2313     0.031    -0.062
Pristine_185514.28-302715.0 Field284.0-30.0_Sag 6760426309465489408 283.80950000000 -30.45416666667 134.7352  0.785 4987.611  150.298 2.103 0.4093 -1.810 0.1788 -0.812 0.2471 0.1536     0.142    -0.025
Pristine_185516.25-303010.4 Field284.0-30.0_Sag 6760425141234915840 283.81770833333 -30.50288888889 127.9910  1.062 5074.783  159.843 2.160 0.4321 -1.609 0.1660 -0.638 0.2647 0.1308    -0.161    -0.081
Pristine_185827.96-294500.0 Field284.0-30.0_Sag 6760871439868776320 284.61650000000 -29.75000000000 149.8745  0.778 4686.453  214.310 1.735 0.5465 -1.752 0.1634 -0.368 0.2350 0.3043     0.171     0.113
Pristine_185355.45-300958.0 Field284.0-30.0_Sag 6761199128699683968 283.48104166667 -30.16611111111 151.4889  0.902 4977.062  151.621 1.812 0.4406 -1.921 0.1623 -0.644 0.2922 0.3046     0.159     0.118
Pristine_185425.76-302330.6 Field284.0-30.0_Sag 6761180982432814080 283.60733333333 -30.39183333333 150.9789  1.065 5316.106  156.675 2.482 0.4945 -1.750 0.1709 -0.405 0.3106 0.0532     0.082    -0.092
Pristine_185537.49-301512.0 Field284.0-30.0_Sag 6760455927561621376 283.90620833333 -30.25333333333 157.3559  0.791 4682.109  187.849 1.634 0.4733 -1.869 0.1608 -0.580 0.2309 0.3556    -0.242    -0.038
Pristine_185651.84-302109.6 Field284.0-30.0_Sag 6760444691926917248 284.21600000000 -30.35266666667 148.9251  0.624 4854.892  140.162 1.744 0.3992 -2.066 0.1441 -0.303 0.2345 0.2800     0.035     0.060
Pristine_185248.45-293223.4 Field284.0-30.0_Sag 6761301211485896192 283.20187500000 -29.53983333333 132.3739  0.791 4861.353  178.053 1.798 0.5698 -2.170 0.1623 -0.516 0.2962 0.2815     0.084    -0.164
Pristine_185714.93-302129.2 Field284.0-30.0_Sag 6760443038331717248 284.31220833333 -30.35811111111 134.9516  0.775 4854.650  167.397 1.827 0.4293 -1.826 0.1553 -0.243 0.2449 0.2482     0.130     0.017
Pristine_185451.96-291044.1 Field284.0-30.0_Sag 6761690709154670080 283.71650000000 -29.17891666667 132.2272  0.852 4908.267  218.382 2.585 0.6734 -2.292 0.1986 -0.257 0.2735 0.0921     0.208     0.113
Pristine_185514.80-294010.5 Field284.0-30.0_Sag 6761614331771428992 283.81166666667 -29.66958333333 126.2870  0.544 4744.072  142.844 1.664 0.4129 -2.274 0.1457 -0.460 0.2310 0.3294     0.041     0.058
Pristine_185626.24-293537.6 Field284.0-30.0_Sag 6761618867256738304 284.10933333333 -29.59377777778 104.2257  0.740 4613.762  165.095 1.699 0.3936 -1.793 0.1538 -0.421 0.2123 0.3111    -0.053    -0.064
Pristine_185234.48-295140.1 Field284.0-30.0_Sag 6761269188208561152 283.14366666667 -29.86113888889 150.9473  0.855 4682.397  173.431 1.747 0.4445 -2.007 0.1620 -0.751 0.2232 0.2921     0.177    -0.090
Pristine_185629.94-303507.1 Field284.0-30.0_Sag 6760431802699348864 284.12475000000 -30.58530555556 137.3571  0.741 5173.435  153.464 2.728 0.3836 -1.518 0.1583 -0.270 0.2325 0.0203     0.043    -0.046
Pristine_185444.69-302553.3 Field284.0-30.0_Sag 6760429917238488960 283.68620833333 -30.43147222222 133.2908  0.959 4903.467  175.193 2.232 0.4507 -1.829 0.1632 -0.320 0.2428 0.0642    -0.016    -0.097
Pristine_185516.02-303220.2 Field284.0-30.0_Sag 6760424660197943168 283.81675000000 -30.53894444444 132.9751  0.902 4973.158  157.884 2.351 0.4066 -1.800 0.1561 -0.336 0.2272 0.0647    -0.046     0.097
Pristine_185559.92-294842.0 Field284.0-30.0_Sag 6761597220621495040 283.99966666667 -29.81166666667 168.0851  0.755 4544.110  137.931 1.299 0.3335 -1.951 0.2117  0.222 0.2184 0.3782    -0.076    -0.130
Pristine_185325.76-293423.3 Field284.0-30.0_Sag 6761302134873999488 283.35733333333 -29.57313888889 143.2923  0.764 4626.312  160.457 1.694 0.4039 -1.994 0.1537 -0.539 0.2138 0.3104     0.066     0.224
Pristine_185552.74-302017.3 Field284.0-30.0_Sag 6760452246744064128 283.96975000000 -30.33813888889 164.9889  0.697 4814.520  154.925 1.853 0.3775 -1.845 0.1483 -0.544 0.2284 0.2303    -0.470    -0.103
Pristine_190258.91-310034.3 Field286.0-31.1     6760478673694245504 285.74545833333 -31.00952777778 119.1681  1.521 4587.468  147.926 1.283 0.3698 -2.110 0.1748  0.165 0.2204 0.4374     0.090    -0.010
Pristine_190307.09-313043.6 Field286.0-31.1     6757447831221481088 285.77954166667 -31.51211111111 160.7198  1.623 4881.172  174.553 1.001 0.2400 -2.291 0.4658  0.862 0.4030 0.3513     0.064     0.145
Pristine_190533.87-312226.1 Field286.0-31.1     6757426253313320192 286.39112500000 -31.37391666667 155.0686  1.831 5194.089  147.698 2.459 0.4214 -1.707 0.1613 -0.458 0.2584 0.0554    -0.006    -0.038
Pristine_190553.84-310730.3 Field286.0-31.1     6757439344371600128 286.47433333333 -31.12508333333 146.7522  2.926 4777.185  174.353 2.232 0.4346 -1.971 0.1624 -0.282 0.2177 0.0699     0.040    -0.283
Pristine_190110.46-311441.8 Field286.0-31.1     6760096421607624832 285.29358333333 -31.24494444444 168.4608  1.334 4868.180  164.475 1.867 0.4897 -2.151 0.1570 -0.047 0.2358 0.2032    -0.099     0.156
Pristine_190336.06-314659.4 Field286.0-31.1     6757392069673614848 285.90025000000 -31.78316666667 141.9724  2.058 4646.362  159.931 1.494 0.3686 -1.792 0.1609 -0.667 0.2305 0.4219     0.028    -0.082
Pristine_190219.04-313638.9 Field286.0-31.1     6757081835599419904 285.57933333333 -31.61080555556 125.8370  1.413 4893.128  166.877 1.532 0.4829 -1.883 0.1666 -0.576 0.3025 0.3947    -0.081    -0.209
Pristine_190635.79-313415.0 Field286.0-31.1     6757407806434593152 286.64912500000 -31.57083333333 130.4945  1.039 4876.662  145.402 1.638 0.4183 -1.984 0.1451 -0.292 0.2356 0.3206    -0.053     0.235
Pristine_190207.95-313829.5 Field286.0-31.1     6757080289410889728 285.53312500000 -31.64152777778 122.4811  2.679 4935.999  175.389 2.362 0.4389 -1.545 0.1663 -0.177 0.2170 0.0403     0.029     0.049
Pristine_190256.95-302638.8 Field286.0-31.1     6760534130313363328 285.73729166667 -30.44411111111 131.0729  1.179 4701.175  159.961 1.813 0.3818 -1.646 0.1477 -0.276 0.2129 0.2125     0.032    -0.135
Pristine_190121.34-311428.2 Field286.0-31.1     6760471492508647168 285.33891666667 -31.24116666667 172.5158  1.203 4694.911  156.391 1.608 0.3873 -1.938 0.1488 -0.502 0.2321 0.3640    -0.314    -0.034
Pristine_190350.18-310410.5 Field286.0-31.1     6757497858999453696 285.95908333333 -31.06958333333 163.9092  1.549 4864.217  150.406 1.896 0.4086 -1.876 0.1485 -0.346 0.2227 0.2071     0.128     0.084
Pristine_190511.79-303704.2 Field286.0-31.1     6757606268282480640 286.29912500000 -30.61783333333 151.3107  1.896 4602.361  154.277 1.111 0.3713 -1.909 0.2638 -0.646 0.2581 0.5650     0.006     0.323
Pristine_190454.20-313742.0 Field286.0-31.1     6757397154915038464 286.22583333333 -31.62833333333 140.1631  1.086 4671.615  140.958 1.418 0.3355 -1.784 0.1488 -0.526 0.2191 0.4206    -0.175     0.152
Pristine_190302.91-311155.3 Field286.0-31.1     6757471956067628288 285.76212500000 -31.19869444444 158.6683  1.750 4647.396  154.652 1.526 0.3599 -1.788 0.1519 -0.373 0.2226 0.3627     0.011     0.237
Pristine_190400.08-314142.0 Field286.0-31.1     6757394165617648384 286.00033333333 -31.69500000000 120.2606  1.348 4576.128  153.489 1.623 0.3594 -1.874 0.1696 -0.266 0.2132 0.3269     0.123    -0.151
Pristine_190236.00-312942.2 Field286.0-31.1     6757458177812014592 285.65000000000 -31.49505555556 159.7285  1.396 4888.639  153.137 2.286 0.3760 -1.532 0.1545 -0.406 0.2126 0.0826     0.002    -0.234
Pristine_190522.51-315531.7 Field286.0-31.1     6757185013597835136 286.34379166667 -31.92547222222 172.1877  2.288 4750.547  175.460 1.712 0.4308 -1.818 0.1573 -0.121 0.2287 0.2627     0.059    -0.033
Pristine_190214.11-313930.6 Field286.0-31.1     6757068469660850816 285.55879166667 -31.65850000000 142.9957  1.446 4694.306  166.353 1.761 0.4063 -2.026 0.1530 -0.471 0.2359 0.2512     0.060    -0.088
Pristine_190536.39-311634.1 Field286.0-31.1     6757430135961168768 286.40162500000 -31.27613888889 126.2615  1.540 4722.739  155.830 1.677 0.3810 -1.716 0.1467  0.174 0.2062 0.2147     0.029    -0.029
Pristine_190054.19-302536.6 Field286.0-31.1     6760590617725366272 285.22579166667 -30.42683333333 138.4615  2.079 4767.450  168.750 1.715 0.4075 -1.609 0.1531 -0.255 0.2238 0.2535     0.168    -0.131
Pristine_190109.01-313635.5 Field286.0-31.1     6757079258618995328 285.28754166667 -31.60986111111 162.3318  1.897 4552.880  176.918 1.763 0.3894 -1.704 0.2416 -0.399 0.2154 0.2674    -0.045     0.028
Pristine_190506.04-310248.4 Field286.0-31.1     6757489342095856000 286.27516666667 -31.04677777778 160.4591  0.831 4628.182  127.363 1.129 0.3020 -1.711 0.1940 -0.368 0.2158 0.4959     0.050     0.101
Pristine_190433.00-310924.8 Field286.0-31.1     6757483054263752192 286.13750000000 -31.15688888889 117.2929  1.297 4867.143  204.966 2.617 0.5360 -2.078 0.1848 -0.440 0.2328 0.0535    -0.078    -0.059
Pristine_190610.78-311400.7 Field286.0-31.1     6757434911964975232 286.54491666667 -31.23352777778 149.6369  0.932 4520.161  130.297 1.370 0.3155 -1.812 0.3576 -0.425 0.2086 0.4454     0.059     0.093
Pristine_190520.94-312932.7 Field286.0-31.1     6757423027798915584 286.33725000000 -31.49241666667 139.8498  1.574 4765.076  146.337 1.131 0.3872 -1.974 0.2159 -0.256 0.2668 0.5310     0.326     0.084
Pristine_190420.76-304633.1 Field286.0-31.1     6760512170126192384 286.08650000000 -30.77586111111 119.9366  1.368 4787.753  146.126 1.180 0.3913 -1.632 0.1999 -0.438 0.2495 0.4913     0.167     0.136
Pristine_190410.56-311715.0 Field286.0-31.1     6757456494185161216 286.04400000000 -31.28750000000 156.6248  1.544 4574.129  152.310 1.378 0.3500 -1.756 0.1892 -0.414 0.2205 0.4522     0.038    -0.173
Pristine_190351.48-302523.1 Field286.0-31.1     6760625630290931456 285.96450000000 -30.42308333333 166.6139  1.396 4629.737  159.207 1.415 0.3706 -1.741 0.1605 -0.282 0.2231 0.4083     0.086    -0.146
Pristine_190425.83-305353.5 Field286.0-31.1     6757506345853861760 286.10762500000 -30.89819444444 132.6900  1.187 5280.908  152.895 2.196 0.4636 -1.559 0.1609 -0.174 0.2715 0.0984    -0.364    -0.201
Pristine_190552.70-305327.5 Field286.0-31.1     6757585888650775168 286.46958333333 -30.89097222222 142.6976  0.860 4763.800  157.955 1.921 0.3852 -1.707 0.1491 -0.326 0.2145 0.1659    -0.489    -0.126
Pristine_190212.39-304652.5 Field286.0-31.1     6760499701854262528 285.55162500000 -30.78125000000 127.3750  1.083 5028.893  142.768 2.165 0.5204 -2.416 0.1490 -0.140 0.2360 0.1475     0.086    -0.107
Pristine_190235.07-311918.0 Field286.0-31.1     6757464774882052992 285.64612500000 -31.32166666667 141.7971  1.251 5042.833  150.036 2.216 0.4149 -1.790 0.1557 -0.032 0.2226 0.0927    -0.209    -0.222
Pristine_190552.64-313338.7 Field286.0-31.1     6757410211616386560 286.46933333333 -31.56075000000 124.6601  1.268 4694.318  145.851 1.105 0.3718 -1.746 0.2723 -0.402 0.2514 0.5133     0.155    -0.003
Pristine_190048.44-314814.8 Field286.0-31.1     6757075169810033280 285.20183333333 -31.80411111111 148.4408  1.133 4727.840  153.285 1.738 0.3706 -1.819 0.1463 -0.355 0.2188 0.2894    -0.050     0.134
Pristine_190620.77-314243.3 Field286.0-31.1     6757217762719308416 286.58654166667 -31.71202777778 181.6955  1.374 4724.625  172.678 1.902 0.4129 -1.611 0.1552 -0.414 0.2208 0.2103     0.048     0.068
Pristine_190420.39-315811.4 Field286.0-31.1     6757374271328970752 286.08495833333 -31.96983333333 150.1371  1.790 4654.688  159.573 1.875 0.3677 -1.509 0.1473 -0.193 0.2072 0.1942     0.256    -0.137
Pristine_190657.02-313949.7 Field286.0-31.1     6757218690432185472 286.73758333333 -31.66380555556 122.4634  1.038 4811.018  155.655 1.883 0.3884 -1.699 0.1499 -0.154 0.2135 0.1995    -0.060     0.106
Pristine_190439.44-304459.4 Field286.0-31.1     6757510026658657024 286.16433333333 -30.74983333333 162.8567  1.177 5040.534  155.523 2.247 0.4081 -1.629 0.1788 -0.754 0.2429 0.0967    -0.095     0.076
Pristine_190644.06-314559.0 Field286.0-31.1     6757213570831140480 286.68358333333 -31.76638888889 153.7886  1.383 4882.508  170.924 1.753 0.5069 -2.061 0.1604 -0.046 0.2490 0.2211    -0.211    -0.287
Pristine_190519.78-313104.0 Field286.0-31.1     6757422856000211968 286.33241666667 -31.51777777778 154.0234  1.708 4993.644  148.793 2.003 0.4765 -2.106 0.1557 -0.492 0.2657 0.1954     0.205     0.255
Pristine_190140.19-312100.6 Field286.0-31.1     6760091783042779520 285.41745833333 -31.35016666667 135.1432  1.394 4888.466  157.394 2.409 0.3859 -1.593 0.1555 -0.261 0.2096 0.0381    -0.194     0.089
Pristine_190321.79-303527.4 Field286.0-31.1     6760528491011752832 285.84079166667 -30.59094444444 148.7218  1.773 4592.002  165.188 1.927 0.3704 -1.768 0.1617 -0.362 0.2122 0.1840     0.099     0.040
