001 SDSS J0002+2928 0.21 0.30 0.24 0.16 0.21 0.27 0.29 0.27 0.22
002 SDSS J0008-0529 0.34 0.34 0.24 0.16 0.18 0.30 0.35 0.39
003 SDSS J0018-0939 0.33 0.34 0.24 0.15 0.17 0.32           0.22
004 SDSS J0020-0040 0.21 0.31      0.18 0.24 0.27 0.31
005 SDSS J0021-0050 0.22 0.39 0.31 0.21 0.29
006 SDSS J0023-0003 0.34 0.39 0.30 0.21 0.26 0.33 0.33 0.51
007 SDSS J0027+1404 0.22 0.40 0.25 0.22 0.30
008 SDSS J0027-1909 0.21 0.30 0.28 0.19 0.25 0.28 0.32
009 SDSS J0028-1015 0.21      0.20 0.17 0.23      0.30
010 SDSS J0029-1910 0.21           0.17 0.22      0.30
011 SDSS J0033-1859 0.34 0.37 0.26 0.19 0.27 0.32 0.38 0.47
012 SDSS J0041-0953 0.20 0.28 0.18 0.14 0.18
013 SDSS J0100+0049 0.21 0.29 0.20 0.17 0.23 0.26 0.30 0.32
014 SDSS J0111+1442 0.21 0.30 0.21 0.18 0.24 0.28 0.31
015 SDSS J0115+2637 0.36 0.48 0.38 0.37 0.53 0.37
016 SDSS J0120-1001 0.22      0.23 0.20 0.27      0.34
017 SDSS J0126+0607 0.20 0.29 0.23 0.15 0.20           0.27 0.22
018 SDSS J0131-0908 0.34 0.35 0.21 0.17 0.19 0.31 0.31
019 SDSS J0140+2344 0.21           0.17 0.22      0.30
020 SDSS J0209+2120 0.20 0.30      0.12 0.16
021 SDSS J0254+3328 0.21 0.32 0.23 0.20 0.27
022 SDSS J0259+0057 0.36      0.22 0.20                     0.22
023 SDSS J0308+0505 0.21 0.30 0.28 0.19      0.27 0.32      0.22
024 SDSS J0317+0023 0.20      0.18 0.14 0.18
025 SDSS J0320+4143 0.22      0.26 0.24 0.32 0.34 0.38
026 SDSS J0351+1026 0.37 0.41 0.28 0.27 0.39 0.39 0.32      0.14
027 SDSS J0414+0552 0.24      0.22 0.19 0.25
028 SDSS J0416+0713 0.24      0.22 0.19 0.25
029 SDSS J0629+8303 0.21 0.29 0.29 0.14 0.14 0.28           0.22
030 SDSS J0630+2552 0.24           0.19
031 SDSS J0711+6702 0.34 0.33 0.16 0.13 0.20 0.30 0.24 0.36 0.14
032 SDSS J0723+3637 0.34 0.34 0.22 0.14      0.31           0.14
033 SDSS J0727+1609 0.20 0.27 0.15 0.08 0.09 0.26 0.22
034 SDSS J0741+6708 0.34 0.37 0.26 0.19 0.21 0.31 0.37 0.37 0.14
035 SDSS J0746+2831 0.20 0.29 0.22 0.14 0.11 0.26 0.24
036 SDSS J0748+1758 0.20 0.30 0.22 0.19 0.26      0.32
037 SDSS J0749+1801 0.34 0.35 0.20 0.14 0.17 0.30 0.29 0.36
038 SDSS J0804+5153 0.21 0.29 0.21 0.17 0.23 0.26 0.26 0.32
039 SDSS J0809+0907 0.20 0.29 0.24 0.16 0.21
040 SDSS J0814+3337 0.21 0.33 0.19 0.15 0.20
041 SDSS J0817+2641 0.21           0.15 0.20      0.28 0.30
042 SDSS J0819+3119 0.21 0.30 0.21 0.18 0.25 0.30 0.26
043 SDSS J0821+1819 0.24           0.19 0.25
044 SDSS J0825+0403 0.25           0.23 0.31
045 SDSS J0827+1052 0.21 0.34 0.25 0.22 0.31      0.36 0.38
046 SDSS J0840+5405 0.21 0.33      0.16 0.21 0.29
047 SDSS J0847+0121 0.21 0.35 0.27 0.18 0.24      0.31 0.33
048 SDSS J0851+1018 0.20 0.29 0.22 0.14 0.18 0.26
049 SDSS J0858+3541 0.33 0.33 0.20 0.15 0.16 0.30 0.25 0.36 0.14
050 SDSS J0859+0402 0.34 0.35 0.24 0.19 0.32 0.31
051 SDSS J0907+0246 0.20 0.28 0.17 0.13 0.17 0.26 0.23
052 SDSS J0912+0216 0.20 0.28 0.17 0.11 0.11      0.25 0.25 0.22
053 SDSS J0932+0241 0.21 0.30 0.22 0.19 0.26 0.27 0.27 0.29
054 SDSS J1004+3442 0.20 0.27 0.15 0.09 0.11 0.25 0.21
055 SDSS J1033+4001 0.20 0.28      0.12 0.15 0.29
056 SDSS J1036+1212 0.20 0.30 0.20 0.16 0.21 0.26 0.25 0.31 0.22
057 SDSS J1106+0343 0.20 0.29 0.20 0.17 0.22      0.25
058 SDSS J1108+1747 0.21      0.19 0.15 0.20
059 SDSS J1120+3027 0.21 0.36 0.21 0.18 0.25 0.28 0.32
060 SDSS J1128+3841 0.22 0.35      0.24 0.33 0.34 0.39
061 SDSS J1147+1510 0.22 0.40 0.25 0.22 0.31 0.39
062 SDSS J1159+5425 0.21 0.32 0.29 0.19 0.26 0.29 0.27
063 SDSS J1213+4450 0.22 0.38 0.30 0.20 0.28
064 SDSS J1230+0005 0.20 0.29      0.16 0.21 0.29 0.29
065 SDSS J1233+3407 0.21 0.32 0.25 0.22 0.31 0.39
066 SDSS J1241-0837 0.34 0.37 0.26 0.25 0.24 0.32      0.46 0.14
067 SDSS J1242-0336 0.34 0.34 0.20 0.14 0.18 0.30 0.30 0.37 0.14
068 SDSS J1245-0738 0.20 0.28 0.22 0.14 0.19 0.28 0.24 0.27 0.22
069 SDSS J1300+2632 0.20      0.19 0.12 0.15
070 SDSS J1303+2515 0.21 0.30 0.22 0.19 0.25 0.27
071 SDSS J1304+3239 0.23 0.34 0.30 0.28 0.39 0.33 0.43 0.45
072 SDSS J1312+2450 0.21 0.34 0.25 0.16 0.22 0.28 0.29
073 SDSS J1316+1747 0.34 0.36 0.26 0.18 0.21 0.31      0.47
074 SDSS J1334+0022 0.21 0.32 0.25 0.22 0.30 0.28
075 SDSS J1338+1204 0.20 0.28 0.17 0.12 0.15 0.26 0.23 0.27
076 SDSS J1349-0229 0.22 0.32 0.23 0.20 0.27           0.30 0.22
077 SDSS J1400+0753 0.24 0.36      0.26 0.35 0.32
078 SDSS J1408+6239 0.24 0.35 0.30 0.28 0.39 0.37 0.44
079 SDSS J1410+5350 0.20 0.30      0.12 0.16 0.29 0.23
080 SDSS J1412+5609 0.20      0.20 0.10 0.16
081 SDSS J1422+0031 0.34 0.35 0.24 0.17 0.32 0.32 0.35 0.44 0.14
082 SDSS J1424+5615 0.21 0.29 0.20 0.12 0.22 0.29 0.29
083 SDSS J1425+1137 0.20 0.31 0.20 0.17 0.23 0.26 0.26
084 SDSS J1425+5742 0.20 0.28      0.12 0.15      0.25
085 SDSS J1434+1036 0.22      0.26 0.17 0.23
086 SDSS J1436+0918 0.20 0.30 0.16 0.12 0.15 0.28
087 SDSS J1436+0301 0.26 0.36 0.22 0.19 0.25
088 SDSS J1437+5231 0.20 0.27 0.15 0.10 0.13 0.28 0.22
089 SDSS J1437+5837 0.20 0.29 0.25 0.17 0.22 0.27 0.25
090 SDSS J1446+1249 0.20 0.28 0.16 0.11 0.14 0.28 0.24
091 SDSS J1502+3113 0.21 0.30 0.21 0.17 0.23 0.27 0.31
092 SDSS J1504+4623 0.21 0.34 0.25 0.16 0.21 0.29
093 SDSS J1515+4503 0.22 0.38      0.20 0.27 0.36 0.33
094 SDSS J1516+4333 0.22 0.31 0.32 0.22 0.30      0.36
095 SDSS J1521+3437 0.22      0.28 0.19 0.26      0.27
096 SDSS J1522+3055 0.20 0.34 0.20 0.16 0.21
097 SDSS J1523+4942 0.24 0.37      0.32 0.45 0.31 0.49 0.50
098 SDSS J1528+4915 0.20 0.31 0.17 0.13 0.16      0.23
099 SDSS J1551+2521 0.21 0.30 0.22 0.19 0.26 0.29 0.33
100 SDSS J1553+2511 0.21 0.33 0.19 0.16 0.21      0.28
101 SDSS J1603+2917 0.21 0.33 0.24 0.21 0.29      0.29
102 SDSS J1612+0421 0.34 0.42 0.30 0.24 0.24 0.32 0.43 0.43 0.14
103 SDSS J1613+5309 0.36 0.39 0.30 0.29 0.41 0.34 0.43 0.43 0.14
104 SDSS J1623+3913 0.21 0.38 0.23 0.20 0.28      0.34
105 SDSS J1626+1458 0.21 0.29 0.18 0.14           0.27 0.26 0.22
106 SDSS J1633+3907 0.20 0.30 0.19 0.12 0.15
107 SDSS J1640+3709 0.21      0.24 0.16 0.21
108 SDSS J1646+2824 0.22 0.32      0.23 0.32 0.40 0.38 0.32 0.22
109 SDSS J1650+2242 0.24 0.42 0.26 0.24 0.33      0.38
110 SDSS J1659+3515 0.21 0.36 0.22 0.18 0.25
111 SDSS J1703+2836 0.34      0.18           0.35           0.22
112 SDSS J1728+0657 0.23 0.42      0.24      0.41
113 SDSS J1734+4316 0.34 0.34 0.24 0.19 0.18 0.32      0.36 0.14
114 SDSS J1735+4446 0.34 0.37 0.26 0.25 0.35 0.32
115 SDSS J1736+4420 0.34 0.35 0.28 0.16 0.18 0.31 0.32 0.42
116 SDSS J1746+2455 0.35 0.43 0.32 0.31 0.33 0.34 0.35 0.45 0.14
117 SDSS J1830+4141 0.20 0.28 0.18 0.11 0.13      0.24
118 SDSS J1834+2023 0.22 0.35      0.23 0.23 0.31 0.44
119 SDSS J1836+6317 0.35 0.37 0.39 0.28 0.30 0.35      0.40 0.14
120 SDSS J2005-1045 0.24      0.28 0.19 0.25
121 SDSS J2052+0109 0.20 0.29 0.22 0.19 0.25      0.32
122 SDSS J2104-0104 0.35 0.40 0.27 0.26 0.37 0.33      0.48
123 SDSS J2111+0109 0.20 0.28 0.20 0.13 0.16 0.26 0.23 0.28
124 SDSS J2118-0640 0.21 0.30 0.19 0.15 0.20
125 SDSS J2123-0820 0.24 0.35 0.30 0.28 0.39 0.37 0.44
126 SDSS J2128-0756 0.20 0.29 0.21 0.18 0.24 0.30 0.26 0.33
127 SDSS J2206-0925 0.34 0.36      0.20 0.28 0.31 0.31 0.38 0.14
128 SDSS J2207+2017 0.20 0.29 0.23 0.15 0.16 0.31 0.27 0.35
129 SDSS J2208+0613 0.21 0.30 0.24 0.16 0.21 0.29 0.29
130 SDSS J2213-0726 0.34 0.39 0.25 0.23 0.26 0.32 0.36 0.40
131 SDSS J2300+0559 0.22 0.32      0.24 0.32 0.34
132 SDSS J2308-0855 0.21 0.30 0.21 0.18 0.25      0.32
133 SDSS J2309+2308 0.26      0.28 0.19 0.25
134 SDSS J2334+1538 0.25 0.42      0.24 0.34
135 SDSS J2338+0902 0.35 0.47 0.28 0.26 0.38 0.32 0.40 0.42
136 SDSS J2349+3832 0.28           0.21
137 SDSS J2357-0052 0.34           0.29           0.28 0.37 0.22
