001 SDSS J0002+2928 -3.26  0.35  1.00  0.36 -0.20  0.80  0.27  1.84  2.63
002 SDSS J0008-0529 -2.66  0.02  0.21  0.24  0.09  0.32  0.03  0.83
003 SDSS J0018-0939 -2.65  0.25 -1.04 -0.44 -0.17 -0.02             -0.88
004 SDSS J0020-0040 -2.81 -0.10        0.26  0.52  0.45 -0.51
005 SDSS J0021-0050 -3.16 -0.06  0.40  0.53  1.16
006 SDSS J0023-0003 -3.12  0.13  0.27  0.42  0.30  0.61  0.10 -0.42
007 SDSS J0027+1404 -3.03  0.01 -0.33  0.04  0.19
008 SDSS J0027-1909 -2.71 -0.16 -0.49  0.11  0.15  0.10 -0.71
009 SDSS J0028-1015 -2.81       -0.10  0.48 -0.05       -0.49
010 SDSS J0029-1910 -3.15              0.37  0.49        0.15
011 SDSS J0033-1859 -2.80  0.02 -0.01  0.21 -0.01  0.25 -0.96 -0.60
012 SDSS J0041-0953 -2.81  0.03 -0.20  0.22 -0.33
013 SDSS J0100+0049 -3.18  0.39  0.02  0.31 -0.04  0.69  0.10 -0.17
014 SDSS J0111+1442 -2.80 -0.15  0.13  0.59  0.76  0.38 -0.29
015 SDSS J0115+2637 -3.32  0.66  0.22  0.38  0.07  0.96
016 SDSS J0120-1001 -3.45       -0.30  0.27 -0.20        0.77
017 SDSS J0126+0607 -3.01 -0.23  0.86  0.66  0.78              3.20  3.08
018 SDSS J0131-0908 -2.62  0.02  0.15 -0.03  0.11  0.13 -1.26
019 SDSS J0140+2344 -3.65              0.44 -0.18        1.33
020 SDSS J0209+2120 -2.89 -0.07        0.06  0.39
021 SDSS J0254+3328 -2.82 -0.01 -0.53 -0.29 -0.01
022 SDSS J0259+0057 -3.31        0.27  0.19                         -0.02
023 SDSS J0308+0505 -2.19 -0.11  0.55  0.31        0.23  0.37        2.36
024 SDSS J0317+0023 -3.39       -0.01  0.36  0.20
025 SDSS J0320+4143 -2.92       -0.41  0.23 -0.21 -0.09 -1.09
026 SDSS J0351+1026 -3.18  0.01 -0.15  0.71  0.33  0.92  0.96        1.55
027 SDSS J0414+0552 -2.32       -0.73 -0.06  0.23
028 SDSS J0416+0713 -2.59       -0.59  0.01 -0.66
029 SDSS J0629+8303 -2.82  0.36  0.91  0.09  0.32  0.52              2.09
030 SDSS J0630+2552 -3.05              0.24
031 SDSS J0711+6702 -2.91 -0.03  0.55  0.15  0.29  0.27 -0.54  0.82  1.98
032 SDSS J0723+3637 -3.32  0.02 -0.11  0.23        0.21              1.79
033 SDSS J0727+1609 -2.92 -0.01 -0.21  0.18  0.39  0.57 -0.24
034 SDSS J0741+6708 -2.87 -0.01  0.28  0.47  0.35  0.48 -0.41  0.26  0.74
035 SDSS J0746+2831 -2.75 -0.26 -0.26  0.56  0.33  0.13 -0.24
036 SDSS J0748+1758 -2.60 -0.25 -0.86 -0.19 -0.13       -0.54
037 SDSS J0749+1801 -2.64  0.02  0.10  0.15  0.05  0.02 -0.66 -1.04
038 SDSS J0804+5153 -3.01  0.33  0.22  0.35 -0.22  0.60 -0.06  0.13
039 SDSS J0809+0907 -3.38 -0.04 -0.06  0.25  0.30
040 SDSS J0814+3337 -3.28 -0.09  0.01  0.28  0.41
041 SDSS J0817+2641 -2.85              0.20  0.18       -0.32  0.40
042 SDSS J0819+3119 -2.88 -0.08 -0.01  0.47  0.22  0.43 -0.26
043 SDSS J0821+1819 -3.70              0.30  0.00
044 SDSS J0825+0403 -3.60              0.44  0.63
045 SDSS J0827+1052 -3.17 -0.17 -0.39  0.33  0.07       -0.19  0.69
046 SDSS J0840+5405 -3.25 -0.15        1.15  0.76  0.42
047 SDSS J0847+0121 -3.20 -0.28 -0.01  0.63  0.54       -0.25  0.26
048 SDSS J0851+1018 -2.89 -0.30 -0.69  0.30  0.62  0.36
049 SDSS J0858+3541 -2.53 -0.01 -0.25 -0.02  0.01  0.20 -0.75 -0.02  0.30
050 SDSS J0859+0402 -3.05  0.04 -0.46  0.15 -0.48  0.44
051 SDSS J0907+0246 -3.30  0.07  0.75  0.27 -0.05  0.48 -0.24
052 SDSS J0912+0216 -2.68 -0.21  0.55  0.35  0.28        0.01  1.30  2.05
053 SDSS J0932+0241 -3.14  0.26 -0.19  0.48  0.16  0.74  0.82  1.19
054 SDSS J1004+3442 -3.09 -0.01 -0.36  0.36  0.13  0.53 -0.24
055 SDSS J1033+4001 -3.06 -0.17        0.08  0.21  0.19
056 SDSS J1036+1212 -3.47  0.18  0.90  0.28  0.17  0.75 -0.79  1.35  1.84
057 SDSS J1106+0343 -2.88 -0.20 -0.38  0.24  0.17       -0.71
058 SDSS J1108+1747 -3.17       -0.09  0.51  0.20
059 SDSS J1120+3027 -3.14 -0.13 -0.05  0.77  0.45  0.25 -0.06
060 SDSS J1128+3841 -2.82 -0.23        0.13 -0.03  0.30 -0.03
061 SDSS J1147+1510 -2.96 -0.24 -0.04  0.50 -0.19  0.24
062 SDSS J1159+5425 -3.26  0.22 -0.47 -0.09 -0.07  0.27 -0.17
063 SDSS J1213+4450 -3.20 -0.02  0.03  0.26  0.15
064 SDSS J1230+0005 -3.34 -0.04        0.14  0.37  0.51 -0.40
065 SDSS J1233+3407 -2.87 -0.06 -0.31  0.49  0.48  0.47
066 SDSS J1241-0837 -2.73  0.02 -0.15 -0.33  0.23 -0.10       -0.45  0.50
067 SDSS J1242-0336 -2.77  0.02  0.22  0.29  0.23  0.26 -0.02 -0.11  0.64
068 SDSS J1245-0738 -3.16  0.17  1.34  0.69  0.90  0.58  0.65  2.09  2.53
069 SDSS J1300+2632 -3.53       -0.28  0.54  0.38
070 SDSS J1303+2515 -2.85 -0.14 -0.22  0.54  0.17  0.20
071 SDSS J1304+3239 -2.90 -0.03  0.03  0.67  0.48  0.24 -0.31 -0.28
072 SDSS J1312+2450 -2.72 -0.22  0.22  0.31  0.39  0.12 -0.51
073 SDSS J1316+1747 -2.10 -0.01  0.22  0.14  0.20  0.14       -0.20
074 SDSS J1334+0022 -3.03  0.31 -0.19  0.20 -0.10  0.47
075 SDSS J1338+1204 -2.86 -0.12 -0.01  0.45  0.39  0.12 -0.41 -0.53
076 SDSS J1349-0229 -3.24  0.13  1.87  0.73  0.62              2.25  3.01
077 SDSS J1400+0753 -2.98  0.23        0.28  0.56  0.63
078 SDSS J1408+6239 -2.97  0.14 -0.30  0.16 -0.23  0.56 -0.77
079 SDSS J1410+5350 -3.42  0.20        0.56  0.71  0.67 -0.13
080 SDSS J1412+5609 -3.19        1.29  0.90  0.18
081 SDSS J1422+0031 -3.03  0.01  0.35  0.76 -0.04  0.04  1.04 -1.18  1.70
082 SDSS J1424+5615 -2.97 -0.08  0.47  0.93  0.25  0.23 -0.93
083 SDSS J1425+1137 -3.08 -0.28 -0.22  0.59  0.40  0.34 -0.17
084 SDSS J1425+5742 -3.29 -0.06        0.13  0.23        0.13
085 SDSS J1434+1036 -3.21       -0.01  0.41 -0.15
086 SDSS J1436+0918 -3.49  0.05  0.21  0.55  0.46  0.64
087 SDSS J1436+0301 -3.60  0.45  0.79  0.72  0.51
088 SDSS J1437+5231 -2.90 -0.28 -0.36  0.36  0.28  0.14 -0.13
089 SDSS J1437+5837 -3.02 -0.14 -0.09  0.34  0.60  0.25 -0.28
090 SDSS J1446+1249 -2.99 -0.20 -0.51 -0.01  0.03  0.20 -0.49
091 SDSS J1502+3113 -2.86 -0.20 -0.21  0.44  0.31  0.26 -0.34
092 SDSS J1504+4623 -3.31  0.22 -0.08  0.31  0.43  0.59
093 SDSS J1515+4503 -3.34  0.01        0.63  0.41  0.80  0.44
094 SDSS J1516+4333 -2.91 -0.02 -0.33  0.32  0.23        0.10
095 SDSS J1521+3437 -2.79        0.15  0.73  0.48        0.18
096 SDSS J1522+3055 -3.59  0.12 -0.13  0.52  0.52
097 SDSS J1523+4942 -3.06  0.35        0.38  0.27  0.67  0.39 -0.07
098 SDSS J1528+4915 -2.99 -0.20 -0.08  0.32  0.17       -0.21
099 SDSS J1551+2521 -3.07 -0.30  0.36  0.58  0.26  0.03 -0.24
100 SDSS J1553+2511 -3.30  0.04 -0.11  0.29  0.28        0.33
101 SDSS J1603+2917 -3.36 -0.01 -0.03  0.48  0.18        0.04
102 SDSS J1612+0421 -2.86  0.01  0.12  0.28  0.30  0.50 -0.83  0.05  0.63
103 SDSS J1613+5309 -3.32  0.03  0.77  0.93  0.48  0.33 -0.43  0.03  2.09
104 SDSS J1623+3913 -3.19 -0.03 -0.10  0.84  0.80       -0.52
105 SDSS J1626+1458 -2.99  0.04  1.43  0.47              0.35  1.69  2.86
106 SDSS J1633+3907 -2.88 -0.21 -0.68 -0.47  0.33
107 SDSS J1640+3709 -3.39       -0.08  0.37  0.57
108 SDSS J1646+2824 -3.05  0.09        0.71  0.48  0.41 -0.56  1.78  2.52
109 SDSS J1650+2242 -2.56 -0.48 -0.48  0.12 -0.06       -0.23
110 SDSS J1659+3515 -3.24 -0.11 -0.11  0.67  0.49
111 SDSS J1703+2836 -3.21       -0.20              0.87              0.28
112 SDSS J1728+0657 -2.85  0.06        0.14        0.15
113 SDSS J1734+4316 -2.51  0.00  0.43  0.23  0.23  0.20        1.61  1.78
114 SDSS J1735+4446 -3.29  0.03  0.38  0.32 -0.02 -0.04
115 SDSS J1736+4420 -2.93  0.01  0.21  0.42  0.43  0.23 -0.28 -0.47
116 SDSS J1746+2455 -3.17  0.05  0.48  0.69  0.49  0.44  0.03  0.26  1.24
117 SDSS J1830+4141 -3.01 -0.11 -0.26  0.15  0.44       -0.34
118 SDSS J1834+2023 -1.98 -0.62        0.25  0.33 -0.09 -0.05
119 SDSS J1836+6317 -2.85  0.01  1.78  0.84  0.54  0.18        2.37  2.02
120 SDSS J2005-1045 -3.34       -0.33  0.05  0.28
121 SDSS J2052+0109 -2.80 -0.12 -0.30  0.17  0.00       -0.53
122 SDSS J2104-0104 -3.43  0.14  0.43  0.96  1.00  0.39       -0.72
123 SDSS J2111+0109 -2.75  0.08 -0.47  0.02  0.84  0.38  0.22  0.07
124 SDSS J2118-0640 -2.91 -0.06 -0.18  0.21  0.55
125 SDSS J2123-0820 -2.88  0.02  0.17  0.66  0.90  0.52  0.48
126 SDSS J2128-0756 -2.76 -0.01  0.77  0.22 -0.21  0.62  0.11  0.58
127 SDSS J2206-0925 -3.17  0.01        0.61  0.42  0.28 -1.10 -0.85  0.64
128 SDSS J2207+2017 -2.42  0.26 -0.14  0.26  0.37  0.41 -0.09 -0.42
129 SDSS J2208+0613 -2.84 -0.15 -0.62  0.29  0.33  0.71 -0.31
130 SDSS J2213-0726 -2.55  0.03  0.50  0.42 -0.24  0.14 -0.34 -0.69
131 SDSS J2300+0559 -2.94 -0.01        0.24 -0.04  0.61
132 SDSS J2308-0855 -2.74 -0.48 -0.66  0.02 -0.15       -0.85
133 SDSS J2309+2308 -3.09       -0.33  0.00 -0.66
134 SDSS J2334+1538 -2.91  0.21        0.29  0.18
135 SDSS J2338+0902 -3.12  0.02  0.94  0.36 -0.12  0.27 -0.48 -0.75
136 SDSS J2349+3832 -3.20             -0.08
137 SDSS J2357-0052 -3.20              0.75              0.64  1.33  0.57
