001 SDSS J0002+2928 4.24 4.59 3.97 4.70 2.87 2.49 -0.12  0.75 7.80
002 SDSS J0008-0529 4.84 4.86 3.79 5.18 3.77 2.61  0.24  0.35
003 SDSS J0018-0939 4.85 5.09 2.63 4.51 3.52 2.28             4.90
004 SDSS J0020-0040 4.69 4.59      5.05 4.05 2.59 -0.45
005 SDSS J0021-0050 4.34 4.28 3.48 4.96 4.34
006 SDSS J0023-0003 4.38 4.51 3.39 4.90 3.52 2.44 -0.15 -1.36
007 SDSS J0027+1404 4.47 4.48 2.87 4.61 3.50
008 SDSS J0027-1909 4.79 4.63 3.04 5.01 3.78 2.35 -0.54
009 SDSS J0028-1015 4.69      3.33 5.27 3.48      -0.43
010 SDSS J0029-1910 4.35           4.82 3.68      -0.13
011 SDSS J0033-1859 4.70 4.72 3.44 5.01 3.53 2.40 -0.88 -1.21
012 SDSS J0041-0953 4.69 4.72 3.23 5.01 3.19
013 SDSS J0100+0049 4.32 4.71 3.08 4.73 3.12 2.46 -0.22 -1.17
014 SDSS J0111+1442 4.70 4.55 3.57 5.39 4.30 2.53 -0.22
015 SDSS J0115+2637 4.18 4.84 3.13 4.66 3.09 2.59
016 SDSS J0120-1001 4.05      2.50 4.42 2.69       0.19
017 SDSS J0126+0607 4.49 4.26 4.09 5.25 4.11             2.37 8.50
018 SDSS J0131-0908 4.88 4.90 3.77 4.95 3.83 2.46 -1.01
019 SDSS J0140+2344 3.85           4.39 2.51       0.55
020 SDSS J0209+2120 4.61 4.54      4.77 3.84
021 SDSS J0254+3328 4.68 4.68 2.89 4.49 3.51
022 SDSS J0259+0057 4.19      3.20 4.48                       5.10
023 SDSS J0308+0505 5.31 5.20 4.60 5.72      2.99  1.05       8.60
024 SDSS J0317+0023 4.11      2.83 4.57 3.15
025 SDSS J0320+4143 4.58      2.91 4.91 3.21 1.94 -1.14
026 SDSS J0351+1026 4.32 4.33 2.91 5.13 3.49 2.69  0.65       6.80
027 SDSS J0414+0552 5.18      3.19 5.23 4.25
028 SDSS J0416+0713 4.91      3.06 5.02 3.09
029 SDSS J0629+8303 4.68 5.04 4.33 4.87 3.84 2.65             7.70
030 SDSS J0630+2552 4.45           4.78
031 SDSS J0711+6702 4.59 4.55 3.87 4.84 3.72 2.31 -0.58  0.08 7.50
032 SDSS J0723+3637 4.18 4.20 2.82 4.51      1.84             6.90
033 SDSS J0727+1609 4.58 4.58 3.12 4.86 3.82 2.61 -0.28
034 SDSS J0741+6708 4.63 4.62 3.65 5.20 3.83 2.56 -0.40 -0.42 6.30
035 SDSS J0746+2831 4.75 4.49 3.23 5.41 3.92 2.33 -0.12
036 SDSS J0748+1758 4.90 4.65 2.77 4.80 3.61      -0.27
037 SDSS J0749+1801 4.86 4.89 3.71 5.11 3.75 2.33 -0.42 -1.50
038 SDSS J0804+5153 4.49 4.82 3.45 4.94 3.11 2.55 -0.20 -0.70
039 SDSS J0809+0907 4.12 4.07 2.80 4.47 3.26
040 SDSS J0814+3337 4.22 4.13 2.97 4.60 3.47
041 SDSS J0817+2641 4.65           4.95 3.67      -0.30 -0.27
042 SDSS J0819+3119 4.62 4.55 3.36 5.20 3.69 2.50 -0.26
043 SDSS J0821+1819 3.80           4.20 2.64
044 SDSS J0825+0403 3.90           4.44 3.37
045 SDSS J0827+1052 4.33 4.16 2.68 4.76 3.24      -0.49 -0.30
046 SDSS J0840+5405 4.25 4.10      5.50 3.85 2.12
047 SDSS J0847+0121 4.30 4.02 3.03 5.03 3.68      -0.58 -0.75
048 SDSS J0851+1018 4.61 4.32 2.66 5.01 4.07 2.42
049 SDSS J0858+3541 4.97 4.96 3.46 5.05 3.82 2.62 -0.41 -0.37 6.20
050 SDSS J0859+0402 4.45 4.48 2.73 4.69 2.81 2.34
051 SDSS J0907+0246 4.20 4.26 3.68 4.56 2.98 2.12 -0.67
052 SDSS J0912+0216 4.82 4.61 4.12 5.28 3.94       0.20  0.81 7.80
053 SDSS J0932+0241 4.36 4.62 2.91 4.94 3.36 2.55  0.54  0.23
054 SDSS J1004+3442 4.41 4.41 2.80 4.88 3.38 2.39 -0.46
055 SDSS J1033+4001 4.44 4.27      4.62 3.49 2.09
056 SDSS J1036+1212 4.03 4.20 3.67 4.40 3.03 2.22 -1.40  0.05 6.80
057 SDSS J1106+0343 4.62 4.43 2.98 4.97 3.63      -0.72
058 SDSS J1108+1747 4.33      2.98 4.95 3.37
059 SDSS J1120+3027 4.36 4.23 3.05 5.23 3.65 2.06 -0.33
060 SDSS J1128+3841 4.68 4.45      4.91 3.49 2.43  0.02
061 SDSS J1147+1510 4.54 4.30 3.24 5.14 3.19 2.23
062 SDSS J1159+5425 4.24 4.46 2.51 4.25 3.01 1.96 -0.56
063 SDSS J1213+4450 4.30 4.28 3.07 4.66 3.29
064 SDSS J1230+0005 4.16 4.12      4.40 3.37 2.12 -0.86
065 SDSS J1233+3407 4.63 4.57 3.06 5.21 3.95 2.54
066 SDSS J1241-0837 4.77 4.79 3.36 4.54 3.84 2.12       -1.00 6.20
067 SDSS J1242-0336 4.73 4.75 3.68 5.11 3.80 2.43  0.07 -0.70 6.30
068 SDSS J1245-0738 4.34 4.51 4.42 5.12 4.08 2.37  0.35  1.10 7.80
069 SDSS J1300+2632 3.97      2.43 4.61 3.19
070 SDSS J1303+2515 4.65 4.51 3.17 5.29 3.66 2.30
071 SDSS J1304+3239 4.60 4.57 3.36 5.37 3.92 2.29 -0.34 -1.01
072 SDSS J1312+2450 4.78 4.57 3.74 5.20 4.02 2.35 -0.36
073 SDSS J1316+1747 5.40 5.40 4.36 5.64 4.45 2.99       -0.11
074 SDSS J1334+0022 4.47 4.78 3.02 4.76 3.21 2.38
075 SDSS J1338+1204 4.64 4.52 3.37 5.19 3.88 2.21 -0.40 -1.21
076 SDSS J1349-0229 4.26 4.39 4.87 5.09 3.72             1.19 8.20
077 SDSS J1400+0753 4.52 4.75      4.89 3.91 2.59
078 SDSS J1408+6239 4.53 4.67 2.96 4.78 3.14 2.54 -0.87
079 SDSS J1410+5350 4.08 4.28      4.74 3.63 2.20 -0.68
080 SDSS J1412+5609 4.31      4.34 5.31 3.33
081 SDSS J1422+0031 4.47 4.48 3.57 5.34 3.28 1.96  0.88 -2.03 7.10
082 SDSS J1424+5615 4.53 4.45 3.75 5.56 3.62 2.21 -1.02
083 SDSS J1425+1137 4.42 4.13 2.94 5.10 3.65 2.20 -0.39
084 SDSS J1425+5742 4.21 4.15      4.44 3.29      -0.29
085 SDSS J1434+1036 4.29      3.02 4.80 2.98
086 SDSS J1436+0918 4.01 4.06 2.96 4.66 3.31 2.10
087 SDSS J1436+0301 3.90 4.35 3.43 4.73 3.25
088 SDSS J1437+5231 4.60 4.32 2.99 5.06 3.72 2.19 -0.16
089 SDSS J1437+5837 4.48 4.34 3.13 4.92 3.92 2.18 -0.43
090 SDSS J1446+1249 4.51 4.31 2.74 4.60 3.38 2.16 -0.60
091 SDSS J1502+3113 4.64 4.43 3.16 5.17 3.79 2.35 -0.33
092 SDSS J1504+4623 4.19 4.41 2.85 4.60 3.46 2.23
093 SDSS J1515+4503 4.16 4.17      4.89 3.41 2.40 -0.03
094 SDSS J1516+4333 4.59 4.57 3.00 5.01 3.66       0.06
095 SDSS J1521+3437 4.71      3.61 5.54 4.04       0.27
096 SDSS J1522+3055 3.91 4.03 2.52 4.53 3.27
097 SDSS J1523+4942 4.44 4.79      4.92 3.55 2.56  0.20 -0.95
098 SDSS J1528+4915 4.51 4.31 3.18 4.93 3.52      -0.33
099 SDSS J1551+2521 4.43 4.13 3.53 5.11 3.53 1.91 -0.44
100 SDSS J1553+2511 4.20 4.23 2.83 4.59 3.32      -0.11
101 SDSS J1603+2917 4.14 4.13 2.85 4.72 3.16      -0.45
102 SDSS J1612+0421 4.64 4.65 3.50 5.03 3.79 2.59 -0.82 -0.62 6.20
103 SDSS J1613+5309 4.18 4.21 3.68 5.20 3.49 1.96 -0.89 -1.12 7.20
104 SDSS J1623+3913 4.31 4.28 2.95 5.25 3.95      -0.84
105 SDSS J1626+1458 4.51 4.56 4.68 5.08            0.24  0.88 8.30
106 SDSS J1633+3907 4.62 4.41 2.68 4.25 3.79
107 SDSS J1640+3709 4.11      2.77 4.58 3.52
108 SDSS J1646+2824 4.45 4.53      5.26 3.77 2.31 -0.74  0.91 7.90
109 SDSS J1650+2242 4.94 4.46 3.20 5.16 3.72       0.08
110 SDSS J1659+3515 4.26 4.15 2.89 5.03 3.59
111 SDSS J1703+2836 4.29      2.83           2.60             5.50
112 SDSS J1728+0657 4.65 4.72      4.89      2.25
113 SDSS J1734+4316 4.99 4.99 4.16 5.32 4.07 2.64        1.28 7.70
114 SDSS J1735+4446 4.21 4.24 3.33 4.63 3.03 1.62
115 SDSS J1736+4420 4.57 4.58 3.52 5.09 3.84 2.25 -0.34 -1.22
116 SDSS J1746+2455 4.33 4.38 3.55 5.12 3.66 2.22 -0.28 -0.73 6.50
117 SDSS J1830+4141 4.49 4.38 2.97 4.75 3.77      -0.47
118 SDSS J1834+2023 5.52 4.91      5.88 4.69 2.88  0.85
119 SDSS J1836+6317 4.65 4.66 5.17 5.58 4.03 2.28        1.70 7.60
120 SDSS J2005-1045 4.16      2.57 4.31 3.29
121 SDSS J2052+0109 4.70 4.58 3.14 4.97 3.54      -0.46
122 SDSS J2104-0104 4.07 4.21 3.23 5.13 3.90 1.91       -1.98
123 SDSS J2111+0109 4.75 4.82 3.02 4.87 4.43 2.58  0.34 -0.50
124 SDSS J2118-0640 4.59 4.53 3.15 4.90 3.98
125 SDSS J2123-0820 4.62 4.64 3.53 5.39 4.36 2.59  0.47
126 SDSS J2128-0756 4.74 4.73 4.25 5.06 3.37 2.81  0.22  0.00
127 SDSS J2206-0925 4.33 4.34      5.04 3.59 2.06 -1.40 -1.84 5.90
128 SDSS J2207+2017 5.08 5.33 3.68 5.43 4.29 2.94  0.35 -0.67
129 SDSS J2208+0613 4.66 4.51 2.78 5.05 3.83 2.81 -0.29
130 SDSS J2213-0726 4.95 4.98 4.19 5.47 3.56 2.55 -0.01 -1.05
131 SDSS J2300+0559 4.56 4.55      4.90 3.36 2.62
132 SDSS J2308-0855 4.76 4.28 2.84 4.88 3.45      -0.72
133 SDSS J2309+2308 4.41      2.82 4.52 2.60
134 SDSS J2334+1538 4.59 4.80      4.98 3.61
135 SDSS J2338+0902 4.38 4.39 4.05 4.84 3.10 2.10 -0.73 -1.70
136 SDSS J2349+3832 4.30           4.32
137 SDSS J2357-0052 4.30           5.15            0.30  0.30 5.80
