Title: New Stellar Parameters, Metallicities, and Elemental Abundance
       Ratios for 311 Metal-Poor Stars
Authors: Mittal S., Roederer I.U.
Table: Temperatures from different Colors
================================================================================
Byte-by-byte Description of file: ajadadf0t1_mrt.txt
--------------------------------------------------------------------------------
   Bytes Format Units   Label  Explanations
--------------------------------------------------------------------------------
   1- 12 A12    ---     Name   Stellar identifier
  14- 17 I4     K       BP-RP  Temperature from color BP-RP
  19- 21 I3     K     e_BP-RP  Uncertainty in BP-RP
  23- 26 I4     K       BP-G   Temperature from color BP-G (1)
  28- 30 I3     K     e_BP-G   Uncertainty in BP-G (1)
  32- 35 I4     K       G-RP   Temperature from color G-RP (1)
  37- 39 I3     K     e_G-RP   Uncertainty in G-RP (1)
  41- 44 I4     K       BP-K   Temperature from color BP-K
  46- 48 I3     K     e_BP-K   Uncertainty in BP-K
  50- 53 I4     K       RP-K   Temperature from color RP-K
  55- 57 I3     K     e_RP-K   Uncertainty in RP-K
  59- 62 I4     K       G-K    Temperature from color G-K (1)
  64- 65 I2     K     e_G-K    Uncertainty in G-K (1)
--------------------------------------------------------------------------------
Note (1): Temperatures for G190-010 and HD-219617 did not make use
          of Gaia G band photometry so these are set to zero.
--------------------------------------------------------------------------------
BD+10 2495   5110  89 5115  90 5107  80 5076  60 5041  78 5061 61
BD+19 1185A  5546  68 5579  70 5524  73 5506  57 5477  77 5492 64
BD+24 1676   6538  76 6516  79 6540  83 6506  68 6478  93 6493 75
BD+26 3578   6685  70 6681  76 6668  77 6680  74 6671 110 6666 84
BD+29 2356   4927  88 4931  89 4924  78 4913  58 4897  75 4903 58
BD+44 493    5443  85 5474  88 5414  75 5469  56 5507  79 5466 57
BD+80 245    5523  87 5527  90 5526  79 5551  61 5569  88 5556 65
BD-01 2582   5240  89 5241  90 5242  80 5242  61 5237  79 5239 61
BD-15 5781   4849  88 4848  88 4849  78 4831  58 4815  74 4826 58
BD-18 5550   4878  87 4897  88 4858  77 4830  56 4787  71 4809 55
BD-20 6008   4822  87 4828  88 4813  78 4819  60 4818  79 4818 61
CD-24 1782   5285  89 5289  90 5282  81 5287  64 5286  88 5284 67
CD-30 298    5267  90 5276  91 5259  81 5299  62 5331  81 5305 62
CD-36 1052   5884  95 5879  98 5886  88 5975  70 6067  97 6014 74
CD-38 245    4880  87 4906  89 4872  77 4892  59 4898  80 4885 60
CS 22166-016 5260  90 5255  91 5266  82 5292  63 5321  82 5303 63
CS 22169-008 6370  96 6344  98 6382 102 6250 104 6163 145 6225 11
CS 22169-035 4728  87 4725  87 4734  78 4731  58 4736  75 4738 58
CS 22171-031 6427  94 6370  94 6465 100 6375  84 6334 105 6369 90
CS 22171-037 6509 101 6510 104 6486 106 6660 127 6759 191 6676 14
CS 22172-029 5391  91 5382  93 5402  83 5367  65 5343  87 5361 67
CS 22174-020 6487 101 6472 103 6480 107 6476 134 6458 201 6465 15
CS 22177-009 6454 100 6430 102 6455 106 6454  94 6444 120 6447 10
CS 22177-010 6451  99 6409  99 6470 105 6349  98 6270 129 6326 10
CS 22180-014 6112  88 6099  89 6120  94 6081  86 6058 115 6077 94
CS 22182-033 6082  89 6069  90 6091  95 6031 101 5993 145 6023 11
CS 22182-047 6013  85 6015  86 6016  91 5950  75 5904  92 5936 80
CS 22183-031 5269  90 5275  91 5266  82 5273  65 5277  87 5271 67
CS 22185-007 5128  89 5128  90 5129  81 5121  61 5112  78 5117 61
CS 22186-002 5715  92 5692  93 5728  84 5763  66 5821  91 5792 69
CS 22186-017 6225  90 6201  91 6238  96 6122  82 6047 103 6101 88
CS 22186-023 5154  89 5152  90 5157  81 5137  60 5118  76 5130 60
CS 22189-009 4995  88 5010  89 4987  79 4985  62 4973  84 4975 64
CS 22191-029 5934  95 5896  96 5945  87 5989  76 6074 114 6034 84
CS 22871-104 6458 103 6371 105 6473  96 6533 104 6673 180 6621 12
CS 22872-102 6385  90 6378  92 6377  97 6075  77 5870  95 6007 82
CS 22873-072 6458  99 6422 100 6470 105 6532 110 6576 156 6545 12
CS 22873-128 5104  89 5101  90 5110  80 5095  62 5084  81 5092 63
CS 22874-123 6498 100 6449 101 6523 106 6302  95 6163 122 6262 10
CS 22875-029 5971  94 5925  95 5989  86 6012  72 6083 106 6055 79
CS 22876-040 6490  93 6458  94 6506 100 6382 132 6300 201 6357 15
CS 22877-001 5125  89 5118  90 5135  81 5139  61 5148  80 5143 62
CS 22877-011 5314  90 5312  91 5316  82 5347  65 5377  88 5357 67
CS 22877-015 6421  94 6384  95 6443 100 6347  86 6290 108 6331 92
CS 22877-051 6619 103 6551 103 6653 110 6576 109 6536 149 6569 11
CS 22878-002 6321  94 6301  95 6328  99 6329  91 6330 119 6328 98
CS 22878-027 6304  93 6300  94 6300  99 6260  97 6223 135 6246 10
CS 22878-101 4960  88 4965  89 4957  79 4922  60 4887  76 4907 59
CS 22879-012 6515 101 6466 101 6537 107 6414 108 6338 149 6393 11
CS 22879-029 6373  94 6332  94 6399 100 6397  95 6411 129 6405 10
CS 22879-051 6616 103 6538 102 6656 110 6506  96 6421 121 6486 10
CS 22879-094 6360  97 6330  98 6373 103 6187 108 6065 151 6152 12
CS 22879-097 5814  95 5789  96 5828  87 5862  75 5924 109 5895 82
CS 22879-103 5758  94 5731  96 5782  87 5781  70 5806  98 5800 75
CS 22880-067 6053  90 6074  92 6033  96 6054  99 6053 139 6051 11
CS 22880-086 5282  90 5282  91 5283  82 5261  63 5242  83 5253 65
CS 22881-032 6475  95 6446  97 6483 101 6368 134 6285 203 6341 15
CS 22881-036 6158  85 6109  85 6200  91 6325  86 6448 121 6373 96
CS 22881-039 6055 136 5960 196 6104 134 6142  93 6274 147 6222 10
CS 22881-070 6424  92 6393  93 6438  98 6477  92 6507 127 6486 10
CS 22882-001 5882  95 5832  96 5908  87 5914  75 5969 110 5952 82
CS 22882-006 6233  91 6214  93 6243  96 6188  81 6153 101 6180 86
CS 22882-012 6451  95 6402  96 6476 102 6513 127 6550 196 6527 14
CS 22882-030 6443  97 6431  98 6436 103 6211 108 6048 150 6158 12
CS 22883-037 5918 106 5885 108 5941  99 5965  92 6021 134 5998 10
CS 22884-020 6412  97 6370  97 6437 104 6508 104 6575 148 6531 11
CS 22884-108 6456 102 6449 103 6442 107 6261  89 6121 108 6213 94
CS 22885-040 6474 100 6451 103 6478 105 6327 139 6219 208 6291 15
CS 22885-096 5108  89 5126  91 5097  80 5100  63 5091  84 5087 64
CS 22885-203 6403  94 6387  96 6407 101 6308  89 6239 115 6285 96
CS 22886-003 6496  99 6466 102 6504 105 6431 106 6377 146 6413 11
CS 22886-012 6077  90 6059  91 6091  96 6055  91 6039 123 6054 10
CS 22886-013 6044 155 5911 211 6130 182 6102  87 6199 136 6181 88
CS 22886-044 5905  84 5891  85 5924  90 5919  79 5927 104 5927 86
CS 22888-002 6171  89 6144  90 6190  96 6131  93 6100 129 6127 10
CS 22888-014 6390  95 6333  96 6427 101 6445  99 6481 138 6462 11
CS 22888-031 6235  92 6223  94 6235  98 6265 106 6276 155 6270 11
CS 22888-047 5867  95 5835  96 5881  87 5945  77 6042 119 5992 86
CS 22889-050 6503 100 6454 100 6526 106 6411  91 6339 113 6392 96
CS 22890-011 6460  98 6430 100 6473 105 6442 116 6426 168 6435 13
CS 22890-024 5441  91 5429  93 5451  83 5420  63 5405  81 5418 64
CS 22890-064 6377  97 6341  99 6393 104 6437 111 6473 160 6449 12
CS 22891-184 5764  94 5745  96 5777  87 5840  73 5923 105 5878 79
CS 22891-200 4859  88 4871  89 4855  79 4843  59 4825  77 4833 60
CS 22891-209 4817  87 4822  88 4815  78 4822  58 4826  75 4823 58
CS 22891-221 5631  77 5640  78 5626  83 5585  73 5559  98 5585 81
CS 22892-025 6441  97 6384  97 6473 103 6455  96 6459 127 6462 10
CS 22892-052 4978  88 4967  89 4992  79 4963  59 4946  76 4960 59
CS 22893-005 5558  93 5544  94 5567  84 5596  69 5640  97 5615 74
CS 22893-010 5380  91 5375  92 5385  83 5362  66 5349  91 5358 69
CS 22893-011 6253  92 6200  92 6293  99 6220  92 6192 124 6221 10
CS 22894-004 6323  95 6287  95 6345 102 6274  91 6235 117 6267 98
CS 22894-019 6216  93 6176  94 6242 100 6160  90 6116 116 6153 97
CS 22894-023 6342  97 6307  98 6358 103 6277  92 6225 118 6264 99
CS 22894-049 6060  89 6044  90 6071  95 6101  86 6131 114 6116 94
CS 22896-015 5342  91 5342  92 5342  83 5358  68 5372  96 5363 73
CS 22896-055 5923  96 5892  97 5932  88 5952  72 6007 100 5986 77
CS 22896-110 5593  93 5581  94 5600  85 5641  69 5692  97 5663 74
CS 22896-115 6359  93 6319  94 6381  99 6304  86 6261 111 6295 93
CS 22896-136 6569  99 6519  99 6594 105 6519 105 6480 145 6509 11
CS 22897-008 4996  88 4998  89 4999  79 4979  60 4961  77 4971 60
CS 22898-043 5969  97 5931  97 5975  89 6132  80 6337 124 6216 89
CS 22898-047 5468  92 5472  93 5463  83 5513  68 5565  95 5528 72
CS 22937-072 5575  93 5559  94 5585  85 5564  67 5560  91 5568 70
CS 22940-070 6282 233 6224 415 6323 224 6281 117 6287 161 6308 10
CS 22940-077 5527  93 5515  94 5534  84 5553  68 5586  92 5568 70
CS 22940-121 5505  92 5494  93 5514  84 5498  67 5496  90 5501 69
CS 22941-017 5364  90 5365  91 5363  81 5391  65 5420  91 5400 69
CS 22941-027 6089  97 6031  97 6107  89 6209  83 6373 134 6289 96
CS 22942-002 5365  90 5368  92 5363  82 5367  65 5373  87 5366 66
CS 22942-011 5199  89 5193  90 5206  80 5200  60 5198  77 5200 60
CS 22942-035 5233  90 5229  90 5239  81 5254  63 5270  84 5260 64
CS 22943-059 6523 100 6479 100 6544 106 6387  97 6284 126 6357 10
CS 22943-095 6433  86 6409  88 6442  92 6392  78 6359 101 6380 84
CS 22943-132 6236  87 6223  89 6241  93 6213  78 6194  99 6207 84
CS 22943-137 5832  95 5816  96 5826  87 5930  74 6065 109 5982 80
CS 22943-201 6470  98 6435  99 6486 104 6472 129 6468 196 6470 14
CS 22944-014 6344  94 6299  95 6373 100 6228  88 6143 113 6207 95
CS 22944-032 5357  91 5355  92 5358  83 5363  64 5370  83 5364 65
CS 22944-061 6238  94 6228  98 6239  99 6140  87 6069 112 6118 94
CS 22945-017 6571  99 6497  99 6614 105 6582 103 6582 143 6589 11
CS 22945-024 5195  90 5168  90 5226  82 5304  66 5399  93 5345 70
CS 22945-028 5268  90 5265  91 5271  82 5279  66 5287  91 5282 69
CS 22945-031 6431  97 6396  99 6445 103 6481 123 6509 184 6489 13
CS 22945-056 5901  95 5859  95 5915  87 5966  71 6062 101 6015 76
CS 22945-058 6498  98 6450  98 6519 105 6428 111 6371 158 6412 12
CS 22945-063 5721  93 5705  94 5724  86 5802  73 5899 109 5842 80
CS 22947-187 5403  91 5388  92 5419  83 5443  64 5477  84 5459 65
CS 22948-066 5220  90 5225  91 5216  81 5239  63 5256  85 5242 65
CS 22948-093 6639 103 6577 104 6662 108 6612 144 6577 219 6602 16
CS 22949-030 6369  96 6328  97 6392 102 6357  90 6343 115 6356 97
CS 22949-037 5012  90 5031  92 5004  81 5006  64 4998  84 4994 65
CS 22949-048 4905  88 4911  89 4903  79 4869  59 4835  77 4855 59
CS 22950-046 4696 106 4707 106 4689  98 4674  84 4647  97 4663 83
CS 22951-005 6325  92 6305  93 6332  98 6264 107 6217 155 6250 12
CS 22951-059 5414  90 5412  91 5418  82 5385  64 5359  86 5377 66
CS 22951-077 5539  91 5539  93 5540  83 5549  65 5559  88 5554 68
CS 22952-015 4926  88 4936  89 4922  79 4899  60 4872  78 4886 60
CS 22953-003 5146  89 5147  90 5148  80 5157  62 5164  83 5159 64
CS 22953-037 6604 102 6537 102 6636 109 6669 107 6708 147 6684 11
CS 22954-004 6353  96 6334  97 6360 102 6341  89 6327 114 6336 96
CS 22954-015 6345  91 6327  92 6356  97 6351  83 6353 106 6350 89
CS 22955-110 6971 103 6868 101 7025 110 6941 100 6922 130 6945 10
CS 22955-174 5701  95 5689  96 5701  87 5777  74 5868 108 5813 81
CS 22956-015 6493  98 6452  98 6513 104 6458  95 6429 124 6451 10
CS 22956-021 6488  98 6446  98 6510 103 6458 118 6431 172 6451 13
CS 22956-050 5006  89 5010  89 5007  80 5020  61 5030  81 5021 62
CS 22956-062 6005  86 6007  87 6007  92 6048  87 6081 119 6060 96
CS 22956-081 6448  98 6424 100 6453 104 6372 120 6315 176 6353 13
CS 22956-102 6239  92 6183  92 6282  99 6319 120 6372 183 6345 13
CS 22956-106 6563 101 6527 101 6573 107 6585 110 6594 156 6584 12
CS 22956-110 6064  99 6036  99 6051  90 6201  96 6396 166 6280 11
CS 22956-114 5205  90 5202  90 5209  81 5203  65 5200  88 5202 67
CS 22957-013 5006  88 4997  89 5016  80 5018  62 5025  83 5023 64
CS 22957-019 6381  94 6389  96 6366 100 6238  78 6134  91 6199 82
CS 22957-022 5253  90 5259  91 5249  81 5258  62 5261  81 5256 63
CS 22957-024 6479 100 6432 100 6501 105 6466  99 6450 132 6463 10
CS 22957-026 6249  89 6222  90 6272  95 6292  84 6321 110 6304 91
CS 22957-027 5169  90 5153  90 5190  81 5269  64 5365  87 5306 66
CS 22957-036 6282  92 6232  92 6319  98 6361 100 6416 144 6385 11
CS 22958-037 5633  92 5625  94 5635  84 5601  73 5581 106 5598 79
CS 22958-041 6488 100 6434 100 6516 106 6325 110 6210 154 6294 12
CS 22958-042 6263  94 6229  95 6282 100 6314 102 6345 143 6328 11
CS 22958-052 6464  96 6410  96 6497 102 6548 101 6606 142 6570 11
CS 22958-065 6294  91 6265  91 6312  97 6340  97 6371 138 6351 10
CS 22958-074 6187  90 6173  91 6195  97 6194 104 6195 151 6196 11
CS 22958-083 5227  90 5219  91 5237  81 5249  66 5265  92 5256 70
CS 22959-074 5246  90 5246  91 5250  82 5254  62 5255  80 5254 63
CS 22959-139 6459  97 6441  98 6461 103 6358  94 6283 122 6333 10
CS 22960-010 5614  76 5614  77 5621  82 5664  68 5707  87 5688 74
CS 22960-029 6431  94 6411  97 6434 100 6352 104 6291 146 6332 11
CS 22960-048 5268  90 5273  91 5267  81 5235  66 5204  92 5220 69
CS 22960-053 5108  88 5101  89 5123  79 5124  61 5136  82 5129 62
CS 22960-064 5361  90 5362  91 5362  81 5344  64 5327  87 5337 67
CS 22963-004 5565  93 5566  95 5559  84 5616  74 5683 110 5636 80
CS 22964-115 6520 100 6473 100 6540 106 6608 122 6669 181 6626 13
CS 22964-176 6394  96 6363  97 6411 102 6455 130 6495 201 6468 14
CS 22964-183 6416  98 6399  99 6415 103 6293  96 6201 127 6262 10
CS 22964-214 6740 105 6655 103 6779 111 6623  92 6534 112 6601 98
CS 22965-016 5052  89 5054  89 5052  80 5019  62 4986  81 5006 63
CS 22965-054 6357  99 6337 100 6359 105 6268 106 6200 146 6246 11
CS 22968-001 6428  95 6399  96 6437 102 6388 109 6353 156 6377 12
CS 22968-014 4971  87 4981  88 4969  78 4976  60 4977  81 4973 61
CS 22968-026 6298  92 6265  93 6320  99 6151  80 6046  98 6122 86
CS 22968-029 6224  90 6196  91 6240  95 6160  96 6111 135 6149 10
CS 29493-023 6532 100 6493 100 6546 106 6428 113 6349 159 6405 12
CS 29493-050 6589 102 6512 101 6633 109 6678 106 6736 146 6701 11
CS 29493-062 5737  94 5704  95 5760  86 5799  71 5873 100 5838 76
CS 29493-094 6538  99 6505  99 6550 104 6516 103 6495 142 6508 11
CS 29495-005 6363  94 6337  95 6378 100 6289  83 6233 101 6272 88
CS 29495-042 5386  91 5363  92 5412  83 5451  67 5505  92 5477 70
CS 29497-030 7191 113 7034 109 7257 120 7189 107 7185 135 7195 11
CS 29498-043 4654 113 4655 112 4664 107 4632  93 4613 102 4631 91
CS 29499-003 6447  93 6399  94 6475 100 6622 111 6752 166 6664 12
CS 29499-058 6272  92 6241  93 6288  98 6301  87 6319 112 6309 93
CS 29499-060 6547  98 6483  99 6580 105 6590  88 6612 107 6600 92
CS 29501-032 6267  95 6251  95 6273 101 6211  92 6168 121 6198 10
CS 29502-092 5142  89 5144  90 5142  81 5138  61 5131  78 5133 61
CS 29504-004 7533 119 7214 113 7489 108 7451 130 7630 242 7644 16
CS 29504-006 6660 102 6603 103 6681 108 6736 114 6781 164 6747 12
CS 29506-007 6548 102 6497 102 6569 108 6444  99 6363 130 6422 10
CS 29506-090 6549 101 6505 102 6565 107 6553 101 6548 134 6550 10
CS 29509-027 6641 104 6514 104 6649  97 6804  88 7086 145 6954 10
CS 29512-073 5765  82 5740  83 5794  88 5805  78 5837 104 5826 86
CS 29513-003 5555  91 5542  92 5568  83 5593  66 5629  92 5611 70
CS 29513-014 5566  92 5544  93 5590  84 5710  70 5840 104 5763 77
CS 29513-015 6454  94 6409  95 6478 100 6489  93 6512 126 6498 10
CS 29513-031 6828 105 6738 104 6869 112 6865 137 6880 206 6872 15
CS 29513-032 6189  87 6151  88 6223  93 6197  96 6198 138 6205 10
CS 29514-007 6423  97 6377  98 6446 103 6386  94 6353 123 6379 10
CS 29514-017 5562  92 5550  94 5579  84 5583  64 5598  85 5593 66
CS 29514-018 6428  94 6380  95 6455 100 6440  86 6445 108 6445 92
CS 29514-037 6447  92 6388  92 6487  99 6392  86 6348 112 6386 93
CS 29517-018 6073  89 6085  92 6060  94 6075  89 6073 121 6072 98
CS 29517-042 6419  95 6373  95 6446 102 6451  97 6471 131 6461 10
CS 29529-054 5912  86 5907  87 5918  91 5823  77 5763  97 5809 83
CS 30312-044 5011  89 5011  89 5012  80 5002  59 4991  75 4998 59
CS 30312-059 5103  89 5116  90 5093  81 5053  61 5006  78 5031 61
CS 30312-100 5238  90 5236  91 5243  82 5246  63 5249  82 5248 64
CS 30314-067 4514  86 4506  86 4527  77 4532  56 4561  71 4555 55
CS 30339-015 6333  93 6289  94 6359 100 6305 124 6281 189 6304 14
CS 30339-052 5544  91 7042 113 4652  78 5576  81 5610 131 5282 86
CS 30339-069 6475  93 6438  95 6489  98 6343 114 6241 167 6313 12
CS 30339-073 5327  89 5344  91 5315  80 5289  67 5256  97 5270 72
CS 30492-001 6183  90 6155  91 6203  96 6203  80 6215  97 6211 84
CS 30492-016 6063  87 6049  88 6071  93 6040  78 6022  99 6039 84
CS 30492-110 5014  89 5016  90 5014  81 5004  62 4993  81 4999 63
CS 30493-071 5913  95 5882  96 5922  88 5963  72 6041 103 6004 78
CS 30494-003 5305  90 5299  91 5312  82 5329  63 5349  83 5337 64
CS 31082-001 5008  88 4998  88 5021  79 5011  58 5012  75 5015 58
G004-036     6259  76 6243  79 6273  83 6234  66 6213  85 6228 72
G004-037     6747  90 6706  92 6755  97 6593  83 6480 107 6555 89
G009-027     5618  72 5618  73 5626  77 5572  59 5542  74 5567 64
G010-054     5506  71 5503  72 5514  77 5449  59 5417  74 5448 64
G015-010     5418  68 5407  68 5434  74 5443  57 5473  75 5467 63
G016-025     5655  74 5648  75 5668  79 5682  68 5704  92 5696 75
G025-022     5814  69 5799  71 5833  75 5818  59 5822  80 5828 66
G025-024     6024  71 6011  73 6040  77 6010  62 5999  83 6010 69
G026-001     6137  78 6119  80 6155  85 6095  68 6063  87 6088 74
G064-012     6612  97 6592  99 6600 103 6521  84 6447 102 6491 88
G071-055     5983  79 5973  80 5996  85 5994  72 6000  95 5999 79
G075-056     6301  87 6268  88 6323  93 6341  79 6366 102 6352 85
G088-023     6028  68 6014  70 6046  74 6004  55 5984  74 6001 62
G090-003     5989  71 5982  73 5997  78 5970  58 5956  74 5968 63
G090-025     5455  64 5476  65 5441  70 5484  54 5511  76 5495 62
G107-050     6199  74 6197  77 6199  80 6168  66 6142  89 6158 73
G115-049     5924  72 5918  73 5933  78 5904  59 5891  75 5905 64
G122-069     6281  86 6246  88 6303  92 6265  73 6249  88 6264 77
G126-062     6205  69 6221  72 6195  76 6150  81 6105 124 6130 94
G137-086     6240  86 6202  87 6273  92 6222  78 6206 100 6222 85
G146-056     5533  74 5508  75 5566  79 5509  59 5494  73 5515 64
G146-076     5250  88 5256  90 5252  80 5254  58 5247  73 5249 57
G153-064     5689  68 5691  70 5698  74 5623  56 5571  74 5607 62
G161-073     6010  73 6012  75 6017  79 6003  63 5992  84 5998 70
G166-047     6398  88 6387  90 6400  94 6369  75 6345  90 6358 79
G170-047     5347  87 5362  88 5333  78 5332  57 5318  75 5322 57
G180-058     5193  65 5197  65 5194  71 5229  53 5274  68 5258 58
G186-026     6874  77 6819  82 6882  85 6767  63 6685  81 6737 68
G188-022     6145  66 6156  69 6142  73 6098  59 6059  84 6082 67
G188-030     5312  65 5312  65 5318  70 5333  52 5359  69 5351 58
G190-010     5786  93    0   0    0   0 5719  79 5671  92    0  0
G190-015     5272  64 5276  64 5273  70 5289  55 5320  74 5314 62
G199-066     5954  78 5937  80 5974  84 5950  67 5947  85 5955 73
G201-044     6141  74 6115  77 6168  80 6079  65 6031  85 6069 72
G206-034     6588  74 6534  79 6610  82 6495  66 6422  90 6474 73
G214-001     5781  66 5772  67 5794  72 5772  54 5767  72 5777 60
G234-028     6174  76 6167  78 6183  82 6102  62 6047  77 6085 67
G238-030     6101  85 6099  87 6097  91 6091  72 6080  88 6089 76
G238-032     5620  73 5689  74 5567  77 5606  60 5596  77 5589 66
HD 106373    6044  96 6044  98 6023  88 6088  71 6164 100 6121 76
HD 108317    5354  88 5370  89 5342  79 5370  60 5381  82 5369 62
HD 11582     5270  89 5284  91 5268  80 5312  62 5332  85 5313 64
HD 119516    5614  93 5626  95 5608  85 5628  64 5635  82 5629 65
HD 122196    6103  66 6128  69 6084  73 6057  61 6021  87 6039 70
HD 122563    4709  86 4719  87 4694  77 4769  62 4826  88 4789 65
HD 126238    5032  85 5046  86 5019  76 4978  53 4929  68 4954 51
HD 126587    4999  88 5018  89 4980  79 4961  59 4926  75 4942 58
HD 128279    5331  85 5352  87 5313  76 5336  56 5335  77 5328 57
HD 132475    5827  66 5883  69 5787  72 5774  55 5734  76 5750 62
HD 13979     5132  88 5148  89 5118  79 5141  59 5144  78 5136 60
HD 16031     6258  73 6263  76 6253  79 6246  63 6233  84 6237 70
HD 175305    5195  85 5207  88 5194  76 5155  54 5108  72 5132 54
HD 175606    6200  69 6215  73 6184  76 6172  64 6150  90 6160 72
HD 178443    5327  90 5356  92 5306  82 5277  63 5225  84 5249 65
HD 184266    5599  86 5614  89 5594  77 5635  55 5659  76 5641 56
HD 186478    4760  87 4766  87 4749  77 4730  56 4708  70 4722 54
HD 188510    5543  64 5559  65 5537  70 5549  49 5556  65 5553 55
HD 193901    5798  64 5821  67 5789  70 5841  56 5866  82 5845 65
HD 19445     6035  64 6055  67 6020  71 6037  56 6037  79 6032 63
HD 196892    6000  64 6014  67 5997  70 5998  52 5991  73 5992 59
HD 196944    5396  89 5407  91 5389  81 5436  60 5466  78 5443 60
HD 200654    5331  88 5350  89 5312  79 5330  59 5330  79 5323 60
HD 201891    5939  64 5973  67 5920  70 5953  55 5957  80 5946 63
HD 214362    5752  94 5763  96 5743  86 5804  68 5854  94 5821 72
HD 21581     5112  88 5130  90 5099  79 5094  58 5067  74 5076 58
HD 219617    6048  73    0   0    0   0 6047  65 6040  89    0  0
HD 220127    5258  88 5267  91 5262  80 5266  59 5257  78 5258 60
HD 237846    5087  88 5100  88 5076  79 5078  58 5068  74 5070 57
HD 26169     5160  88 5175  89 5147  79 5184  63 5200  89 5185 67
HD 26297     4490  86 4483  86 4490  76 4463  55 4463  69 4471 54
HD 31128     5984  64 6007  66 5971  70 6037  53 6072  75 6043 60
HD 45282     5435  85 5454  88 5431  76 5405  54 5363  74 5383 55
HD 6268      4827  87 4842  88 4807  78 4826  57 4826  72 4823 56
HD 88609     4616  86 4626  86 4607  76 4622  55 4634  70 4629 53
HD 94028     6034  64 6063  68 6016  70 6060  52 6075  74 6057 60
HE 0454-4758 5440  89 5443  91 5438  80 5442  62 5450  84 5444 63
HE 0938+0114 6834  85 6799  89 6828  92 6774  77 6724 100 6749 83
HE 1012-1540 5630  78 5644  80 5619  85 5687  77 5731 106 5712 85
HE 1124-2335 5214  90 5218  91 5212  81 5128  65 5050  87 5098 67
HE 1320-1339 5034  88 5046  89 5023  80 5039  60 5040  77 5035 60
HIP 99423    6164  65 6216  69 6126  72 6079  58 6013  84 6044 67
