MKV0397  -2.02        0.44        0.21 -0.62        0.24      -0.88 0.15      0.26      0.12 0.26      0.17      0.28 17   1   2 1   5    1
MKV0458  -1.47  0.07  0.33  0.31  0.33 -0.17 -0.48  0.40 0.47  0.27 0.15 0.24 0.31 0.10 0.10 0.24 0.24 0.16 0.24 0.12 26 1 2 3 2 1 1 5 1  2
MKV0514  -2.10  0.28  0.08        0.15 -0.11 -0.40  0.41      -0.98 0.15 0.23 0.09      0.14 0.23 0.23 0.22      0.11 26 1 5   2 1 1 3    2
MKV0556  -1.17  0.49  0.03        0.73  0.27        0.92       0.42 0.15 0.21 0.09      0.22 0.14      0.29      0.22 13 1 4   1 2   3    1
MKV0577  -1.61 -0.13  0.50  0.69  0.35 -0.07        0.77       0.13 0.15 0.29 0.29 0.30 0.31 0.29      0.33      0.31 23 1 1 1 1 1   1    1
MKV0596  -1.58 -0.08 -0.22  0.47  0.14  0.12 -0.22  0.06      -0.31 0.15 0.25 0.06 0.26 0.10 0.25 0.07 0.16      0.16 30 1 5 1 2 1 3 7    2
MKV0614  -1.55  0.03        0.35  0.18 -0.47        0.28       0.09 0.15 0.18      0.19 0.20 0.18      0.23      0.21 21 1   1 1 1   3    2
MKV0628  -1.71  0.41  0.09 -0.10  0.36  0.03        0.35      -0.07 0.14 0.21 0.08 0.22 0.12 0.15      0.16      0.22 32 1 8 1 2 2   4    1
MKV0640  -1.85  0.34  0.19  0.31  0.54  0.16 -0.16  0.32       0.34 0.15 0.24 0.05 0.20 0.10 0.11 0.13 0.17      0.25 30 1 8 2 2 2 3 7    1
MKV0652  -2.31  0.14 -0.28  1.34 -0.12 -0.54        0.21            0.15 0.24 0.23 0.24 0.25 0.24      0.27           16 1 1 1 1 1   1
MKV0677  -1.66  0.33  0.12  0.08  0.50  0.19 -0.41  0.18      -0.05 0.14 0.19 0.06 0.12 0.15 0.19 0.09 0.16      0.10 31 1 8 3 2 1 3 8    2
MKV0698  -1.30  0.12  0.03  0.09 -0.02  0.11 -0.28  0.17            0.15 0.21 0.06 0.09 0.11 0.21 0.07 0.17           29 1 8 4 2 1 3 5
MKV0708  -1.51  0.32              0.65 -0.08        0.27            0.16 0.25           0.27 0.25      0.21           11 1     1 1   2
MKV0729  -1.17  0.52  0.31  0.04  0.73  0.52 -0.31  0.24 0.51  0.12 0.15 0.22 0.12 0.16 0.23 0.22 0.12 0.23 0.22 0.23 24 1 6 3 1 1 2 4 1  2
MKV0733  -1.55 -0.08 -0.06        0.28 -0.38  0.13  0.66       0.05 0.15 0.25 0.19      0.26 0.25 0.25 0.21      0.26 19 1 3   1 1 1 4    1
MKV0740  -0.97 -0.81 -0.58  0.43  0.19 -0.56 -0.34  0.42            0.15 0.23 0.22 0.23 0.13 0.23 0.23 0.16           15 1 1 1 2 1 1 2
MKV0743  -0.64 -0.84 -0.50  0.34  0.26 -0.31 -0.51  0.44            0.15 0.25 0.25 0.26 0.17 0.25 0.26 0.34           17 1 1 1 2 1 1 4
MKV0770  -1.43  0.32  0.04        0.33  0.17        0.21 0.35       0.15 0.24 0.08      0.13 0.24      0.16 0.24      26 1 4   2 1   7 1
MKV0780  -1.42 -0.20 -0.13        0.21 -0.62 -0.30  0.21       0.15 0.15 0.31 0.09      0.29 0.31 0.32 0.16      0.33 31 1 2   2 1 1 7    1
MKV0812  -0.83       -0.04        0.90 -0.11        0.18      -0.40 0.15      0.25      0.48 0.25      0.49      0.27 21   1   2 1   2    1
MKV0825  -1.37  0.13 -0.02  0.17  0.24 -0.04 -0.20  0.10 0.02 -0.13 0.15 0.22 0.09 0.09 0.13 0.22 0.11 0.17 0.22 0.23 33 1 4 4 2 1 2 8 1  1
MKV0840  -1.19  0.32  0.04 -0.47  0.45 -0.06 -0.67  0.18      -0.05 0.15 0.19 0.08 0.20 0.16 0.19 0.07 0.17      0.10 25 1 6 1 2 1 2 6    2
MKV0842  -1.39  0.30  0.50        0.26 -0.29        0.50      -0.66 0.15 0.21 0.20      0.16 0.21      0.19      0.22 21 1 1   2 1   4    1
MKV0880  -1.52  0.29  0.11  0.08  0.27 -0.08 -0.39  0.26 0.24 -0.11 0.14 0.17 0.06 0.09 0.11 0.17 0.08 0.16 0.17 0.19 33 1 8 5 2 1 4 5 1  1
MKV0900  -1.57  0.34  0.09  0.00  0.43  0.02 -0.39  0.34 0.00  0.28 0.14 0.14 0.07 0.14 0.13 0.14 0.07 0.24 0.14 0.16 31 1 8 3 2 1 3 3 1  1
MKV0902  -1.90 -0.38 -0.09        0.13       -0.25  0.22      -0.58 0.14 0.17 0.08      0.10      0.17 0.19      0.19 21 1 2   2   1 4    1
MKV0914  -2.09  0.42  0.22        0.08 -0.46       -0.01      -0.44 0.15 0.24 0.35      0.25 0.24      0.19      0.25 15 1 2   1 1   2    1
MKV0916  -1.37  0.08  0.50        0.85 -0.05        0.68       0.37 0.15 0.26 0.26      0.43 0.26      0.16      0.28 17 1 1   2 1   3    1
MKV0925  -1.35  0.62  0.57        0.90 -0.29        0.12       0.06 0.15 0.19 0.05      0.21 0.19      0.17      0.12 20 1 2   1 1   3    2
MKV0948  -1.95       -0.16        0.28 -0.32        0.21       0.48 0.15      0.20      0.22 0.21      0.24      0.10 22   1   1 1   2    2
MKV0976  -1.29  0.06 -0.05  0.74        0.33        0.06      -0.14 0.15 0.24 0.23 0.24      0.24      0.27      0.25 14 1 1 1   1   1    1
MKV1007  -1.43  0.37  0.19  0.27  0.31  0.18 -0.34  0.10       0.22 0.15 0.30 0.07 0.13 0.32 0.30 0.11 0.15      0.32 22 1 2 5 1 1 4 3    1
MKV1009  -1.55  0.28  0.27        0.26  0.55 -0.39  0.41       0.56 0.15 0.26 0.04      0.28 0.26 0.27 0.16      0.28 32 1 6   1 1 1 3    1
MKV1012  -1.63  0.44  0.15  0.27 -0.05  0.00        0.41 0.15 -0.01 0.15 0.21 0.09 0.22 0.12 0.21      0.17 0.21 0.11 27 1 5 1 2 1   5 1  2
MKV1061  -1.37  0.52  0.13  0.26  0.34 -0.07        0.28            0.15 0.27 0.27 0.08 0.17 0.27      0.18           28 1 1 2 2 1   6
